	L	R	LR
0	1.0	99.18373801899833	17.21
1	0.9999179491589769	99.18365596815731	17.210082050841024
2	0.9998359061835987	99.18357392518193	17.210164093816402
3	0.9997538712819923	99.18349189028034	17.21024612871801
4	0.9996718446103272	99.18340986360866	17.21032815538967
5	0.9995898262200918	99.18332784521841	17.210410173779906
6	0.9995078161278798	99.1832458351262	17.210492183872116
7	0.9994258143386525	99.18316383333698	17.210574185661343
8	0.9993438208534942	99.18308183985181	17.210656179146504
9	0.9992618356721965	99.18299985467051	17.210738164327804
10	0.9991798587941205	99.18291787779243	17.21082014120588
11	0.9990978902184836	99.18283590921679	17.210902109781514
12	0.9990159299444554	99.18275394894277	17.210984070055545
13	0.9989339779711897	99.1826719969695	17.21106602202881
14	0.9988520342978349	99.18259005329615	17.211147965702164
15	0.9987700989235377	99.18250811792186	17.21122990107646
16	0.9986881718474448	99.18242619084576	17.211311828152553
17	0.9986062530687024	99.18234427206701	17.211393746931293
18	0.998524342586542	99.18226236158485	17.21147565741345
19	0.9984424404001441	99.18218045939844	17.211557559599846
20	0.998360546508592	99.18209856550688	17.211639453491397
21	0.9982786609110017	99.18201667990928	17.21172133908899
22	0.9981967836064971	99.18193480260479	17.211803216393495
23	0.9981149145942191	99.18185293359251	17.211885085405772
24	0.9980330538733148	99.1817710728716	17.211966946126676
25	0.9979512014429323	99.18168922044121	17.21204879855706
26	0.9978693573022194	99.1816073763005	17.212130642697772
27	0.9977875214503232	99.1815255404486	17.212212478549667
28	0.9977056938863912	99.18144371288467	17.2122943061136
29	0.9976238746095702	99.18136189360786	17.21237612539042
30	0.9975420636190079	99.18128008261729	17.212457936380982
31	0.9974602609138514	99.18119827991214	17.21253973908614
32	0.9973784664932485	99.18111648549153	17.21262153350674
33	0.9972966803563464	99.18103469935463	17.212703319643644
34	0.9972149025022932	99.18095292150058	17.212785097497697
35	0.9971331329302363	99.18087115192851	17.212866867069753
36	0.9970513716393238	99.1807893906376	17.212948628360664
37	0.9969696186287035	99.18070763762698	17.213030381371283
38	0.9968878738975234	99.1806258928958	17.213112126102462
39	0.9968061374449319	99.18054415644322	17.213193862555055
40	0.9967244092700769	99.18046242826837	17.21327559072991
41	0.996642689372107	99.18038070837041	17.21335731062788
42	0.9965609777501704	99.18029899674848	17.21343902224982
43	0.9964792744034157	99.18021729340172	17.213520725596574
44	0.9963975793309915	99.1801355983293	17.213602420668998
45	0.9963158925320464	99.18005391153035	17.213684107467945
46	0.9962342140057293	99.17997223300404	17.213765785994262
47	0.9961525437511889	99.17989056274949	17.213847456248804
48	0.9960708817675742	99.17980890076588	17.213929118232418
49	0.9959892280540342	99.17972724705234	17.214010771945958
50	0.9959075826097181	99.17964560160803	17.214092417390273
51	0.9958259454337751	99.17956396443209	17.214174054566215
52	0.9957443165253544	99.17948233552367	17.214255683474637
53	0.9956626958836056	99.17940071488192	17.214337304116384
54	0.9955810835076779	99.179319102506	17.214418916492313
55	0.9954994793967212	99.17923749839504	17.21450052060327
56	0.995417883549885	99.1791559025482	17.214582116450106
57	0.9953362959663191	99.17907431496464	17.214663704033672
58	0.9952547166451733	99.17899273564349	17.21474528335482
59	0.9951731455855976	99.17891116458391	17.214826854414394
60	0.9950915827867418	99.17882960178505	17.21490841721325
61	0.9950100282477563	99.17874804724607	17.214989971752235
62	0.9949284819677913	99.1786665009661	17.2150715180322
63	0.9948469439459969	99.17858496294431	17.215153056053996
64	0.9947654141815236	99.17850343317984	17.215234585818468
65	0.994683892673522	99.17842191167183	17.21531610732647
66	0.9946023794211425	99.17834039841945	17.215397620578848
67	0.9945208744235358	99.17825889342184	17.215479125576454
68	0.9944393776798526	99.17817739667815	17.215560622320137
69	0.9943578891892438	99.17809590818754	17.215642110810744
70	0.9942764089508603	99.17801442794917	17.215723591049127
71	0.9941949369638532	99.17793295596216	17.215805063036132
72	0.9941134732273735	99.17785149222568	17.21588652677261
73	0.9940320177405725	99.17777003673888	17.21596798225941
74	0.9939505705026014	99.1776885895009	17.21604942949738
75	0.9938691315126116	99.17760715051091	17.216130868487372
76	0.9937877007697545	99.17752571976806	17.21621229923023
77	0.9937062782731819	99.17744429727148	17.216293721726803
78	0.9936248640220453	99.17736288302034	17.21637513597794
79	0.9935434580154964	99.17728147701379	17.21645654198449
80	0.993462060252687	99.17720007925098	17.216537939747298
81	0.9933806707327691	99.17711868973106	17.216619329267214
82	0.9932992894548948	99.17703730845318	17.216700710545087
83	0.9932179164182159	99.1769559354165	17.216782083581766
84	0.9931365516218849	99.17687457062017	17.216863448378096
85	0.9930551950650538	99.17679321406334	17.216944804934926
86	0.9929738467468752	99.17671186574516	17.217026153253105
87	0.9928925066665014	99.17663052566479	17.21710749333348
88	0.9928111748230851	99.17654919382137	17.217188825176894
89	0.9927298512157788	99.17646787021407	17.217270148784202
90	0.9926485358437354	99.17638655484203	17.217351464156245
91	0.9925672287061075	99.17630524770439	17.217432771293872
92	0.9924859298020481	99.17622394880033	17.217514070197932
93	0.9924046391307102	99.176142658129	17.21759536086927
94	0.9923233566912469	99.17606137568953	17.217676643308735
95	0.9922420824828114	99.17598010148109	17.217757917517172
96	0.992160816504557	99.17589883550284	17.21783918349543
97	0.9920795587556369	99.17581757775392	17.21792044124435
98	0.9919983092352047	99.17573632823348	17.21800169076478
99	0.9919170679424139	99.1756550869407	17.21808293205757
100	0.991835834876418	99.1755738538747	17.218164165123564
101	0.9917546100363709	99.17549262903465	17.218245389963613
102	0.9916733934214262	99.1754114124197	17.218326606578557
103	0.991592185030738	99.17533020402902	17.218407814969247
104	0.9915109848634601	99.17524900386175	17.218489015136523
105	0.9914297929187468	99.17516781191704	17.218570207081235
106	0.9913486091957521	99.17508662819404	17.21865139080423
107	0.9912674336936302	99.17500545269192	17.21873256630635
108	0.9911862664115356	99.17492428540983	17.218813733588444
109	0.9911051073486227	99.17484312634691	17.218894892651356
110	0.9910239565040458	99.17476197550234	17.218976043495932
111	0.9909428138769598	99.17468083287525	17.219057186123017
112	0.9908616794665193	99.17459969846482	17.219138320533457
113	0.9907805532718791	99.17451857227017	17.219219446728097
114	0.9906994352921941	99.17443745429048	17.219300564707783
115	0.9906183255266191	99.17435634452491	17.219381674473357
116	0.9905372239743093	99.1742752429726	17.21946277602567
117	0.99045613063442	99.17419414963271	17.21954386936556
118	0.9903750455061061	99.1741130645044	17.219624954493874
119	0.9902939685885231	99.17403198758682	17.219706031411455
120	0.9902128998808265	99.17395091887911	17.219787100119152
121	0.9901318393821718	99.17386985838046	17.219868160617807
122	0.9900507870917145	99.17378880609	17.219949212908265
123	0.9899697430086102	99.1737077620069	17.220030256991368
124	0.9898887071320148	99.17362672613031	17.220111292867962
125	0.9898076794610843	99.17354569845938	17.220192320538892
126	0.9897266599949744	99.17346467899327	17.220273340005
127	0.9896456487328413	99.17338366773113	17.220354351267133
128	0.9895646456738411	99.17330266467214	17.220435354326135
129	0.98948365081713	99.17322166981542	17.220516349182844
130	0.9894026641618643	99.17314068316016	17.22059733583811
131	0.9893216857072004	99.1730597047055	17.220678314292776
132	0.9892407154522947	99.1729787344506	17.220759284547682
133	0.989159753396304	99.1728977723946	17.22084024660367
134	0.989078799538385	99.17281681853669	17.22092120046159
135	0.9889978538776941	99.172735872876	17.22100214612228
136	0.9889169164133885	99.1726549354117	17.221083083586585
137	0.9888359871446251	99.17257400614294	17.221164012855347
138	0.9887550660705607	99.17249308506888	17.221244933929412
139	0.9886741531903526	99.17241217218867	17.22132584680962
140	0.9885932485031579	99.17233126750148	17.221406751496815
141	0.9885123520081339	99.17225037100646	17.22148764799184
142	0.9884314637044381	99.17216948270276	17.221568536295536
143	0.988350583591228	99.17208860258954	17.221649416408745
144	0.988269711667661	99.17200773066597	17.221730288332314
145	0.9881888479328949	99.1719268669312	17.22181115206708
146	0.9881079923860873	99.17184601138439	17.22189200761389
147	0.9880271450263961	99.17176516402469	17.22197285497358
148	0.9879463058529793	99.17168432485127	17.222053694146997
149	0.9878654748649948	99.17160349386329	17.22213452513498
150	0.9877846520616007	99.17152267105989	17.222215347938373
151	0.9877038374419552	99.17144185644024	17.22229616255802
152	0.9876230310052166	99.1713610500035	17.22237696899476
153	0.9875422327505433	99.17128025174883	17.22245776724943
154	0.9874614426770937	99.17119946167537	17.22253855732288
155	0.9873806607840263	99.17111867978231	17.22261933921595
156	0.9872998870704999	99.17103790606879	17.222700112929477
157	0.987219121535673	99.17095714053396	17.222780878464302
158	0.9871383641787046	99.17087638317699	17.22286163582127
159	0.9870576149987536	99.17079563399703	17.22294238500122
160	0.9869768739949788	99.17071489299326	17.223023126004996
161	0.9868961411665395	99.17063416016482	17.223103858833436
162	0.9868154165125946	99.17055343551088	17.22318458348738
163	0.9867347000323037	99.17047271903058	17.22326529996767
164	0.9866539917248259	99.1703920107231	17.22334600827515
165	0.9865732915893207	99.1703113105876	17.223426708410656
166	0.9864925996249477	99.17023061862324	17.22350740037503
167	0.9864119158308665	99.17014993482915	17.223588084169112
168	0.9863312402062367	99.17006925920452	17.223668759793743
169	0.9862505727502182	99.1699885917485	17.22374942724976
170	0.9861699134619708	99.16990793246026	17.22383008653801
171	0.9860892623406544	99.16982728133894	17.223910737659324
172	0.9860086193854293	99.16974663838371	17.22399138061455
173	0.9859279845954554	99.16966600359375	17.224072015404523
174	0.9858473579698931	99.16958537696819	17.224152642030084
175	0.9857667395079026	99.16950475850619	17.224233260492074
176	0.9856861292086444	99.16942414820693	17.22431387079133
177	0.985605527071279	99.16934354606957	17.224394472928697
178	0.985524933094967	99.16926295209326	17.224475066905008
179	0.9854443472788691	99.16918236627717	17.224555652721104
180	0.985363769622146	99.16910178862045	17.22463623037783
181	0.9852832001239585	99.16902121912227	17.224716799876017
182	0.9852026387834678	99.16894065778177	17.224797361216506
183	0.9851220855998347	99.16886010459814	17.22487791440014
184	0.9850415405722205	99.16877955957052	17.224958459427754
185	0.9849610036997862	99.16869902269809	17.22503899630019
186	0.9848804749816933	99.16861849398	17.225119525018282
187	0.9847999544171031	99.16853797341541	17.225200045582874
188	0.9847194420051771	99.16845746100348	17.2252805579948
189	0.9846389377450769	99.16837695674339	17.2253610622549
190	0.9845584416359642	99.16829646063428	17.225441558364015
191	0.9844779536770005	99.16821597267531	17.22552204632298
192	0.9843974738673479	99.16813549286566	17.225602526132633
193	0.9843170022061682	99.16805502120448	17.22568299779381
194	0.9842365386926235	99.16797455769094	17.225763461307356
195	0.9841560833258759	99.1678941023242	17.225843916674105
196	0.9840756361050875	99.16781365510342	17.225924363894894
197	0.9839951970294207	99.16773321602776	17.22600480297056
198	0.9839147660980379	99.16765278509638	17.226085233901944
199	0.9838343433101013	99.16757236230845	17.22616565668988
200	0.9837539286647737	99.16749194766312	17.226246071335208
201	0.9836735221612176	99.16741154115957	17.226326477838764
202	0.9835931237985958	99.16733114279694	17.226406876201388
203	0.983512733576071	99.16725075257442	17.226487266423913
204	0.9834323514928063	99.16717037049115	17.226567648507178
205	0.9833519775479646	99.16708999654631	17.226648022452018
206	0.9832716117407089	99.16700963073906	17.226728388259275
207	0.9831912540702025	99.16692927306855	17.22680874592978
208	0.9831109045356085	99.16684892353395	17.226889095464376
209	0.9830305631360903	99.16676858213442	17.226969436863893
210	0.9829502298708114	99.16668824886915	17.22704977012917
211	0.9828699047389353	99.16660792373727	17.227130095261046
212	0.9827895877396257	99.16652760673796	17.227210412260355
213	0.9827092788720461	99.16644729787038	17.227290721127936
214	0.9826289781353604	99.1663669971337	17.22737102186462
215	0.9825486855287325	99.16628670452707	17.22745131447125
216	0.9824684010513264	99.16620642004966	17.227531598948655
217	0.982388124702306	99.16612614370064	17.227611875297676
218	0.9823078564808355	99.16604587547917	17.227692143519146
219	0.9822275963860793	99.16596561538441	17.2277724036139
220	0.9821473444172014	99.16588536341553	17.22785265558278
221	0.9820671005733665	99.16580511957169	17.227932899426616
222	0.981986864853739	99.16572488385206	17.228013135146245
223	0.9819066372574834	99.16564465625581	17.228093362742502
224	0.9818264177837646	99.16556443678209	17.228173582216222
225	0.981746206431747	99.16548422543008	17.22825379356824
226	0.9816660032005958	99.16540402219893	17.22833399679939
227	0.9815858080894758	99.1653238270878	17.22841419191051
228	0.981505621097552	99.16524364009588	17.228494378902433
229	0.9814254422239896	99.16516346122232	17.228574557775996
230	0.9813452714679538	99.16508329046628	17.22865472853203
231	0.9812651088286097	99.16500312782694	17.228734891171374
232	0.981184954305123	99.16492297330345	17.228815045694862
233	0.9811048078966589	99.16484282689498	17.228895192103327
234	0.981024669602383	99.1647626886007	17.228975330397603
235	0.9809445394214611	99.16468255841978	17.229055460578525
236	0.9808644173530587	99.16460243635139	17.22913558264693
237	0.9807843033963419	99.16452232239467	17.229215696603646
238	0.9807041975504764	99.1644422165488	17.22929580244951
239	0.9806240998146284	99.16436211881296	17.229375900185357
240	0.9805440101879638	99.1642820291863	17.22945598981202
241	0.9804639286696488	99.16420194766798	17.229536071330337
242	0.9803838552588497	99.16412187425718	17.229616144741136
243	0.9803037899547329	99.16404180895306	17.229696210045255
244	0.9802237327564648	99.16396175175478	17.229776267243523
245	0.9801436836632119	99.16388170266153	17.229856316336775
246	0.9800636426741409	99.16380166167245	17.229936357325847
247	0.9799836097884185	99.16372162878673	17.23001639021157
248	0.9799035850052114	99.16364160400353	17.23009641499478
249	0.9798235683236864	99.16356158732201	17.230176431676306
250	0.9797435597430108	99.16348157874133	17.23025644025698
251	0.9796635592623514	99.16340157826066	17.230336440737638
252	0.9795835668808753	99.16332158587919	17.230416433119114
253	0.9795035825977499	99.16324160159607	17.23049641740224
254	0.9794236064121425	99.16316162541047	17.230576393587846
255	0.9793436383232206	99.16308165732154	17.23065636167677
256	0.9792636783301515	99.16300169732847	17.230736321669838
257	0.9791837264321028	99.16292174543042	17.230816273567886
258	0.9791037826282424	99.16284180162657	17.230896217371747
259	0.9790238469177378	99.16276186591607	17.230976153082253
260	0.978943919299757	99.16268193829809	17.231056080700235
261	0.9788639997734679	99.1626020187718	17.231136000226524
262	0.9787840883380386	99.16252210733637	17.231215911661952
263	0.9787041849926372	99.16244220399098	17.231295815007353
264	0.9786242897364319	99.16236230873477	17.23137571026356
265	0.9785444025685909	99.16228242156693	17.231455597431403
266	0.9784645234882826	99.16220254248663	17.23153547651171
267	0.9783846524946755	99.16212267149302	17.231615347505315
268	0.9783047895869382	99.16204280858528	17.23169521041305
269	0.9782249347642393	99.16196295376258	17.231775065235748
270	0.9781450880257476	99.1618831070241	17.23185491197424
271	0.9780652493706319	99.16180326836898	17.231934750629353
272	0.977985418798061	99.16172343779641	17.232014581201923
273	0.977905596307204	99.16164361530555	17.23209440369278
274	0.97782578189723	99.16156380089558	17.232174218102756
275	0.9777459755673081	99.16148399456566	17.232254024432677
276	0.9776661773166077	99.16140419631496	17.232333822683376
277	0.9775863871442979	99.16132440614265	17.232413612855687
278	0.9775066050495484	99.16124462404791	17.23249339495044
279	0.9774268310315287	99.16116485002989	17.232573168968457
280	0.9773470650894083	99.16108508408777	17.23265293491058
281	0.9772673072223569	99.16100532622072	17.23273269277763
282	0.9771875574295443	99.1609255764279	17.232812442570445
283	0.9771078157101405	99.1608458347085	17.23289218428985
284	0.9770280820633153	99.16076610106167	17.232971917936673
285	0.9769483564882387	99.16068637548659	17.23305164351175
286	0.9768686389840812	99.16060665798243	17.233131361015907
287	0.9767889295500126	99.16052694854835	17.233211070449975
288	0.9767092281852036	99.16044724718354	17.233290771814783
289	0.9766295348888243	99.16036755388716	17.23337046511116
290	0.9765498496600453	99.16028786865837	17.23345015033994
291	0.9764701724980372	99.16020819149637	17.23352982750195
292	0.9763905034019708	99.1601285224003	17.233609496598017
293	0.9763108423710165	99.16004886136935	17.233689157628973
294	0.9762311894043455	99.15996920840267	17.233768810595645
295	0.9761515445011285	99.15988956349945	17.233848455498862
296	0.9760719076605366	99.15980992665885	17.233928092339454
297	0.975992278881741	99.15973029788006	17.23400772111825
298	0.9759126581639128	99.15965067716223	17.234087341836076
299	0.9758330455062233	99.15957106450455	17.234166954493766
300	0.9757534409078439	99.15949145990616	17.234246559092146
301	0.975673844367946	99.15941186336626	17.234326155632044
302	0.9755942558857011	99.15933227488401	17.234405744114287
303	0.975514675460281	99.15925269445859	17.23448532453971
304	0.9754351030908573	99.15917312208916	17.23456489690913
305	0.9753555387766019	99.1590935577749	17.234644461223386
306	0.9752759825166866	99.15901400151498	17.234724017483302
307	0.9751964343102834	99.15893445330858	17.234803565689706
308	0.9751168941565643	99.15885491315485	17.234883105843426
309	0.9750373620547017	99.15877538105299	17.23496263794529
310	0.9749578380038677	99.15869585700216	17.235042161996123
311	0.9748783220032347	99.15861634100152	17.235121677996755
312	0.9747988140519749	99.15853683305026	17.235201185948014
313	0.974719314149261	99.15845733314755	17.23528068585073
314	0.9746398222942657	99.15837784129256	17.235360177705726
315	0.9745603384861615	99.15829835748445	17.23543966151383
316	0.9744808627241213	99.15821888172242	17.23551913727587
317	0.9744013950073177	99.15813941400562	17.235598604992674
318	0.974321935334924	99.15805995433323	17.235678064665066
319	0.974242483706113	99.15798050270442	17.235757516293877
320	0.9741630401200579	99.15790105911836	17.235836959879933
321	0.974083604575932	99.15782162357424	17.23591639542406
322	0.9740041770729084	99.15774219607121	17.235995822927084
323	0.9739247576101606	99.15766277660846	17.23607524238983
324	0.9738453461868621	99.15758336518516	17.23615465381313
325	0.9737659428021864	99.15750396180049	17.236234057197805
326	0.9736865474553072	99.15742456645361	17.236313452544685
327	0.9736071601453983	99.1573451791437	17.236392839854595
328	0.9735277808716334	99.15726579986993	17.23647221912836
329	0.9734484096331864	99.15718642863149	17.236551590366805
330	0.9733690464292313	99.15710706542754	17.23663095357076
331	0.9732896912589423	99.15702771025725	17.23671030874105
332	0.9732103441214934	99.15694836311981	17.236789655878496
333	0.9731310050160591	99.15686902401437	17.23686899498393
334	0.9730516739418136	99.15678969294012	17.236948326058176
335	0.9729723508979313	99.15671036989625	17.237027649102057
336	0.9728930358835869	99.1566310548819	17.2371069641164
337	0.9728137288979548	99.15655174789627	17.237186271102033
338	0.9727344299402099	99.15647244893853	17.237265570059776
339	0.9726551390095267	99.15639315800784	17.237344860990458
340	0.9725758561050803	99.1563138751034	17.237424143894906
341	0.9724965812260457	99.15623460022435	17.23750341877394
342	0.9724173143715977	99.15615533336991	17.23758268562839
343	0.9723380555409117	99.15607607453923	17.237661944459074
344	0.9722588047331627	99.15599682373148	17.23774119526682
345	0.9721795619475262	99.15591758094585	17.23782043805246
346	0.9721003271831775	99.15583834618151	17.23789967281681
347	0.9720211004392921	99.15575911943763	17.237978899560694
348	0.9719418817150456	99.15567990071338	17.23805811828494
349	0.9718626710096137	99.15560069000794	17.238137328990373
350	0.971783468322172	99.1555214873205	17.238216531677814
351	0.9717042736518964	99.15544229265022	17.23829572634809
352	0.9716250869979628	99.15536310599629	17.238374913002023
353	0.9715459083595472	99.15528392735787	17.23845409164044
354	0.9714667377358258	99.15520475673415	17.23853326226416
355	0.9713875751259747	99.1551255941243	17.23861242487401
356	0.9713084205291702	99.1550464395275	17.238691579470814
357	0.9712292739445887	99.15496729294291	17.238770726055396
358	0.9711501353714065	99.15488815436973	17.238849864628577
359	0.9710710048088003	99.15480902380712	17.238928995191184
360	0.9709918822559466	99.15472990125427	17.23900811774404
361	0.9709127677120221	99.15465078671035	17.239087232287964
362	0.9708336611762036	99.15457168017453	17.239166338823782
363	0.970754562647668	99.154492581646	17.239245437352317
364	0.9706754721255924	99.15441349112392	17.23932452787439
365	0.9705963896091536	99.15433440860748	17.23940361039083
366	0.9705173150975289	99.15425533409586	17.239482684902455
367	0.9704382485898955	99.15417626758823	17.23956175141009
368	0.9703591900854307	99.15409720908376	17.239640809914555
369	0.9702801395833119	99.15401815858164	17.239719860416674
370	0.9702010970827166	99.15393911608103	17.23979890291727
371	0.9701220625828224	99.15386008158114	17.239877937417162
372	0.970043036082807	99.15378105508113	17.239956963917177
373	0.9699640175818479	99.15370203658017	17.240035982418135
374	0.9698850070791233	99.15362302607744	17.24011499292086
375	0.9698060045738108	99.15354402357212	17.24019399542617
376	0.9697270100650887	99.1534650290634	17.240272989934894
377	0.9696480235521349	99.15338604255044	17.240351976447847
378	0.9695690450341277	99.15330706403243	17.240430954965856
379	0.9694900745102453	99.15322809350855	17.24050992548974
380	0.969411111979666	99.15314913097797	17.24058888802032
381	0.9693321574415684	99.15307017643987	17.240667842558416
382	0.969253210895131	99.15299122989343	17.240746789104854
383	0.9691742723395322	99.15291229133783	17.240825727660454
384	0.969095341773951	99.15283336077225	17.240904658226036
385	0.969016419197566	99.15275443819587	17.24098358080242
386	0.9689375046095562	99.15267552360785	17.24106249539043
387	0.9688585980091005	99.1525966170074	17.241141401990888
388	0.968779699395378	99.15251771839368	17.24122030060461
389	0.9687008087675678	99.15243882776588	17.24129919123242
390	0.9686219261248492	99.15235994512315	17.24137807387514
391	0.9685430514664014	99.15228107046471	17.24145694853359
392	0.9684641847914038	99.15220220378971	17.241535815208586
393	0.968385326099036	99.15212334509735	17.241614673900955
394	0.9683064753884776	99.15204449438679	17.241693524611513
395	0.9682276326589081	99.15196565165722	17.24177236734108
396	0.9681487979095074	99.15188681690782	17.241851202090483
397	0.9680699711394553	99.15180799013777	17.241930028860537
398	0.9679911523479316	99.15172917134625	17.24200884765206
399	0.9679123415341165	99.15165036053243	17.242087658465874
400	0.96783353869719	99.1515715576955	17.2421664613028
401	0.9677547438363323	99.15149276283465	17.24224525616366
402	0.9676759569507236	99.15141397594904	17.24232404304927
403	0.9675971780395444	99.15133519703787	17.242402821960447
404	0.9675184071019749	99.1512564261003	17.242481592898017
405	0.9674396441371959	99.15117766313553	17.242560355862796
406	0.9673608891443878	99.15109890814271	17.242639110855603
407	0.9672821421227314	99.15102016112105	17.24271785787726
408	0.9672034030714076	99.15094142206974	17.242796596928585
409	0.9671246719895972	99.15086269098792	17.242875328010395
410	0.967045948876481	99.1507839678748	17.24295405112351
411	0.9669672337312403	99.15070525272957	17.24303276626875
412	0.966888526553056	99.15062654555138	17.243111473446934
413	0.9668098273411095	99.15054784633944	17.24319017265888
414	0.966731136094582	99.1504691550929	17.24326886390541
415	0.9666524528126551	99.15039047181098	17.243347547187337
416	0.96657377749451	99.15031179649283	17.243426222505484
417	0.9664951101393284	99.15023312913765	17.243504889860667
418	0.966416450746292	99.1501544697446	17.243583549253703
419	0.9663377993145825	99.1500758183129	17.243662200685414
420	0.9662591558433817	99.1499971748417	17.243740844156616
421	0.9661805203318716	99.14991853933019	17.243819479668126
422	0.9661018927792342	99.14983991177755	17.24389810722076
423	0.9660232731846514	99.14976129218296	17.243976726815344
424	0.9659446615473056	99.14968268054561	17.24405533845269
425	0.965866057866379	99.14960407686468	17.244133942133615
426	0.9657874621410539	99.14952548113935	17.24421253785894
427	0.9657088743705128	99.1494468933688	17.24429112562948
428	0.9656302945539381	99.14936831355223	17.244369705446054
429	0.9655517226905126	99.1492897416888	17.24444827730948
430	0.9654731587794189	99.14921117777772	17.244526841220573
431	0.9653946028198397	99.14913262181814	17.244605397180152
432	0.965316054810958	99.14905407380925	17.244683945189035
433	0.9652375147519566	99.14897553375025	17.244762485248035
434	0.9651589826420187	99.14889700164031	17.244841017357974
435	0.9650804584803273	99.14881847747861	17.244919541519664
436	0.9650019422660657	99.14873996126435	17.244998057733927
437	0.9649234339984172	99.1486614529967	17.245076566001575
438	0.9648449336765651	99.14858295267486	17.245155066323427
439	0.964766441299693	99.14850446029799	17.2452335587003
440	0.9646879568669844	99.14842597586528	17.24531204313301
441	0.964609480377623	99.14834749937592	17.24539051962237
442	0.9645310118307924	99.14826903082908	17.2454689881692
443	0.9644525512256764	99.14819057022397	17.245547448774317
444	0.9643740985614591	99.14811211755976	17.245625901438533
445	0.9642956538373243	99.14803367283562	17.24570434616267
446	0.9642172170524562	99.14795523605075	17.245782782947536
447	0.9641387882060389	99.14787680720433	17.245861211793954
448	0.9640603672972567	99.14779838629555	17.245939632702736
449	0.963981954325294	99.14771997332359	17.2460180456747
450	0.9639035492893351	99.14764156828763	17.24609645071066
451	0.9638251521885645	99.14756317118686	17.24617484781143
452	0.9637467630221668	99.14748478202046	17.24625323697783
453	0.9636683817893268	99.14740640078762	17.246331618210668
454	0.9635900084892292	99.14732802748752	17.246409991510767
455	0.9635116431210587	99.14724966211935	17.246488356878938
456	0.9634332856840006	99.14717130468229	17.246566714315996
457	0.9633549361772396	99.14709295517552	17.246645063822758
458	0.9632765945999608	99.14701461359824	17.246723405400036
459	0.9631982609513496	99.14693627994963	17.246801739048646
460	0.9631199352305913	99.14685795422886	17.246880064769403
461	0.963041617436871	99.14677963643514	17.246958382563122
462	0.9629633075693744	99.14670132656765	17.24703669243062
463	0.9628850056272871	99.14662302462557	17.247114994372705
464	0.9628067116097945	99.14654473060807	17.247193288390196
465	0.9627284255160824	99.14646644451436	17.247271574483907
466	0.9626501473453366	99.14638816634361	17.247349852654654
467	0.9625718770967431	99.14630989609502	17.247428122903248
468	0.9624936147694877	99.14623163376777	17.247506385230505
469	0.9624153603627565	99.14615337936104	17.247584639637235
470	0.9623371138757358	99.14607513287402	17.247662886124257
471	0.9622588753076118	99.1459968943059	17.247741124692382
472	0.9621806446575706	99.14591866365585	17.247819355342422
473	0.9621024219247988	99.14584044092308	17.247897578075193
474	0.9620242071084828	99.14576222610677	17.24797579289151
475	0.9619460002078093	99.1456840192061	17.248053999792184
476	0.9618678012219648	99.14560582022025	17.248132198778027
477	0.9617896101501361	99.14552762914843	17.248210389849856
478	0.9617114269915101	99.14544944598981	17.24828857300848
479	0.9616332517452737	99.14537127074358	17.248366748254718
480	0.9615550844106139	99.14529310340892	17.248444915589378
481	0.9614769249867178	99.14521494398502	17.248523075013274
482	0.9613987734727725	99.14513679247108	17.24860122652722
483	0.9613206298679653	99.14505864886627	17.248679370132027
484	0.9612424941714836	99.14498051316978	17.248757505828507
485	0.9611643663825148	99.14490238538082	17.248835633617475
486	0.9610862465002464	99.14482426549854	17.248913753499743
487	0.9610081345238661	99.14474615352216	17.24899186547612
488	0.9609300304525615	99.14466804945086	17.249069969547424
489	0.9608519342855205	99.14458995328381	17.249148065714465
490	0.9607738460219308	99.14451186502022	17.249226153978054
491	0.9606957656609805	99.14443378465927	17.249304234339004
492	0.9606176932018575	99.14435571220015	17.249382306798125
493	0.9605396286437501	99.14427764764204	17.249460371356232
494	0.9604615719858464	99.14419959098414	17.249538428014137
495	0.9603835232273346	99.14412154222563	17.249616476772648
496	0.9603054823674032	99.1440435013657	17.24969451763258
497	0.9602274494052406	99.14396546840354	17.24977255059474
498	0.9601494243400355	99.14388744333833	17.249850575659945
499	0.9600714071709764	99.14380942616927	17.249928592829004
500	0.959993397897252	99.14373141689555	17.25000660210273
501	0.9599153965180512	99.14365341551635	17.25008460348193
502	0.9598374030325629	99.14357542203086	17.250162596967417
503	0.9597594174399762	99.14349743643828	17.250240582560004
504	0.9596814397394798	99.14341945873778	17.2503185602605
505	0.9596034699302632	99.14334148892857	17.250396530069715
506	0.9595255080115156	99.14326352700982	17.250474491988463
507	0.9594475539824261	99.14318557298073	17.25055244601755
508	0.9593696078421843	99.14310762684049	17.25063039215779
509	0.9592916695899796	99.14302968858829	17.250708330409996
510	0.9592137392250016	99.1429517582233	17.250786260774973
511	0.9591358167464401	99.14287383574474	17.250864183253533
512	0.9590579021534847	99.14279592115179	17.25094209784649
513	0.9589799954453254	99.14271801444363	17.25102000455465
514	0.958902096621152	99.14264011561946	17.251097903378824
515	0.9588242056801545	99.14256222467846	17.25117579431982
516	0.9587463226215229	99.14248434161982	17.25125367737845
517	0.9586684474444477	99.14240646644275	17.251331552555527
518	0.9585905801481188	99.14232859914642	17.251409419851857
519	0.9585127207317269	99.14225073973003	17.25148727926825
520	0.9584348691944622	99.14217288819276	17.251565130805513
521	0.9583570255355153	99.14209504453382	17.25164297446446
522	0.9582791897540768	99.14201720875238	17.2517208102459
523	0.9582013618493374	99.14193938084765	17.25179863815064
524	0.9581235418204878	99.1418615608188	17.25187645817949
525	0.958045729666719	99.14178374866503	17.251954270333258
526	0.9579679253872219	99.14170594438554	17.252032074612753
527	0.9578901289811875	99.1416281479795	17.25210987101879
528	0.957812340447807	99.14155035944613	17.25218765955217
529	0.9577345597862716	99.14147257878459	17.252265440213705
530	0.9576567869957726	99.14139480599408	17.252343213004202
531	0.9575790220755013	99.1413170410738	17.252420977924473
532	0.9575012650246492	99.14123928402296	17.252498734975326
533	0.9574235158424078	99.14116153484072	17.25257648415757
534	0.9573457745279689	99.14108379352628	17.252654225472007
535	0.957268041080524	99.14100606007884	17.25273195891945
536	0.957190315499265	99.14092833449757	17.25280968450071
537	0.957112597783384	99.14085061678169	17.252887402216594
538	0.9570348879320727	99.14077290693038	17.252965112067905
539	0.9569571859445233	99.14069520494283	17.253042814055455
540	0.9568794918199278	99.14061751081823	17.25312050818005
541	0.9568018055574786	99.14053982455579	17.2531981944425
542	0.956724127156368	99.14046214615468	17.253275872843613
543	0.9566464566157884	99.1403844756141	17.253353543384193
544	0.9565687939349322	99.14030681293325	17.25343120606505
545	0.9564911391129921	99.14022915811131	17.25350886088699
546	0.9564134921491607	99.14015151114748	17.25358650785082
547	0.9563358530426307	99.14007387204094	17.253664146957348
548	0.956258221792595	99.13999624079091	17.253741778207385
549	0.9561805983982465	99.13991861739656	17.25381940160173
550	0.9561029828587783	99.13984100185709	17.2538970171412
551	0.9560253751733833	99.1397633941717	17.253974624826593
552	0.9559477753412547	99.13968579433957	17.25405222465872
553	0.9558701833615859	99.1396082023599	17.25412981663839
554	0.9557925992335702	99.13953061823187	17.254207400766404
555	0.9557150229564009	99.13945304195471	17.254284977043575
556	0.9556374545292716	99.13937547352758	17.254362545470705
557	0.955559893951376	99.13929791294969	17.2544401060486
558	0.9554823412219077	99.13922036022022	17.25451765877807
559	0.9554047963400604	99.13914281533837	17.254595203659918
560	0.955327259305028	99.13906527830335	17.25467274069495
561	0.9552497301160046	99.13898774911432	17.254750269883974
562	0.955172208772184	99.1389102277705	17.254827791227793
563	0.9550946952727604	99.13883271427108	17.254905304727217
564	0.9550171896169279	99.13875520861524	17.254982810383048
565	0.954939691803881	99.13867771080218	17.255060308196096
566	0.954862201832814	99.13860022083112	17.255137798167162
567	0.9547847197029212	99.13852273870123	17.255215280297055
568	0.9547072454133974	99.1384452644117	17.255292754586577
569	0.9546297789634369	99.13836779796173	17.255370221036536
570	0.9545523203522346	99.13829033935053	17.255447679647737
571	0.9544748695789852	99.13821288857729	17.25552513042099
572	0.9543974266428837	99.13813544564118	17.25560257335709
573	0.9543199915431251	99.13805801054143	17.25568000845685
574	0.9542425642789042	99.13798058327721	17.25575743572107
575	0.9541651448494163	99.13790316384772	17.255834855150557
576	0.9540877332538567	99.13782575225217	17.255912266746115
577	0.9540103294914205	99.13774834848974	17.25598967050855
578	0.9539329335613033	99.13767095255962	17.256067066438668
579	0.9538555454627003	99.13759356446101	17.25614445453727
580	0.9537781651948074	99.13751618419312	17.256221834805164
581	0.95370079275682	99.13743881175513	17.256299207243153
582	0.9536234281479339	99.13736144714625	17.256376571852037
583	0.9535460713673449	99.13728409036565	17.256453928632627
584	0.953468722414249	99.13720674141256	17.256531277585722
585	0.953391381287842	99.13712940028614	17.25660861871213
586	0.95331404798732	99.13705206698562	17.25668595201265
587	0.9532367225118793	99.13697474151017	17.25676327748809
588	0.953159404860716	99.13689742385901	17.256840595139252
589	0.9530820950330265	99.13682011403132	17.25691790496694
590	0.9530047930280072	99.1367428120263	17.256995206971958
591	0.9529274988448546	99.13666551784314	17.25707250115511
592	0.9528502124827652	99.13658823148106	17.2571497875172
593	0.9527729339409359	99.13651095293923	17.25722706605903
594	0.9526956632185631	99.13643368221686	17.257304336781402
595	0.9526184003148439	99.13635641931315	17.25738159968512
596	0.9525411452289752	99.13627916422728	17.25745885477099
597	0.9524638979601537	99.13620191695846	17.25753610203981
598	0.9523866585075769	99.13612467750588	17.257613341492387
599	0.9523094268704416	99.13604744586874	17.257690573129523
600	0.9522322030479454	99.13597022204624	17.25776779695202
601	0.9521549870392855	99.13589300603758	17.25784501296068
602	0.9520777788436592	99.13581579784196	17.257922221156306
603	0.9520005784602642	99.13573859745856	17.2579994215397
604	0.9519233858882981	99.13566140488659	17.258076614111665
605	0.9518462011269584	99.13558422012525	17.258153798873007
606	0.951769024175443	99.13550704317373	17.25823097582452
607	0.9516918550329496	99.13542987403123	17.258308144967014
608	0.9516146936986764	99.13535271269696	17.25838530630129
609	0.9515375401718212	99.1352755591701	17.258462459828145
610	0.9514603944515823	99.13519841344986	17.258539605548386
611	0.9513832565371577	99.13512127553543	17.25861674346281
612	0.9513061264277458	99.13504414542601	17.25869387357222
613	0.9512290041225449	99.13496702312081	17.25877099587742
614	0.9511518896207534	99.13488990861902	17.258848110379212
615	0.9510747829215699	99.13481280191984	17.258925217078396
616	0.950997684024193	99.13473570302246	17.259002315975774
617	0.9509205929278215	99.13465861192608	17.259079407072146
618	0.950843509631654	99.13458152862992	17.259156490368316
619	0.9507664341348895	99.13450445313316	17.25923356586508
620	0.9506893664367269	99.134427385435	17.259310633563242
621	0.9506123065363652	99.13435032553464	17.259387693463605
622	0.9505352544330036	99.13427327343128	17.259464745566966
623	0.9504582101258412	99.13419622912411	17.259541789874127
624	0.9503811736140774	99.13411919261235	17.259618826385893
625	0.9503041448969115	99.13404216389517	17.259695855103057
626	0.950227123973543	99.1339651429718	17.259772876026425
627	0.9501501108431715	99.13388812984144	17.259849889156797
628	0.9500731055049965	99.13381112450327	17.25992689449497
629	0.9499961079582178	99.13373412695648	17.26000389204175
630	0.9499191182020351	99.1336571372003	17.26008088179793
631	0.9498421362356485	99.13358015523391	17.260157863764316
632	0.9497651620582578	99.13350318105653	17.260234837941706
633	0.949688195669063	99.13342621466732	17.2603118043309
634	0.9496112370672645	99.13334925606553	17.2603887629327
635	0.9495342862520623	99.13327230525033	17.2604657137479
636	0.9494573432226567	99.13319536222093	17.260542656777307
637	0.9493804079782482	99.13311842697652	17.260619592021715
638	0.9493034805180371	99.13304149951631	17.260696519481925
639	0.9492265608412243	99.1329645798395	17.26077343915874
640	0.94914964894701	99.13288766794528	17.260850351052955
641	0.9490727448345952	99.13281076383286	17.26092725516537
642	0.9489958485031808	99.13273386750144	17.261004151496785
643	0.9489189599519674	99.13265697895022	17.261081040047998
644	0.9488420791801563	99.13258009817841	17.26115792081981
645	0.9487652061869484	99.1325032251852	17.261234793813017
646	0.9486883409715448	99.1324263599698	17.261311659028422
647	0.9486114835331467	99.1323495025314	17.26138851646682
648	0.9485346338709556	99.1322726528692	17.26146536612901
649	0.9484577919841729	99.13219581098242	17.261542208015793
650	0.9483809578719999	99.13211897687025	17.261619042127965
651	0.9483041315336384	99.13204215053189	17.261695868466326
652	0.9482273129682899	99.13196533196654	17.261772687031673
653	0.9481505021751562	99.13188852117341	17.261849497824805
654	0.9480736991534391	99.1318117181517	17.261926300846522
655	0.9479969039023405	99.13173492290059	17.26200309609762
656	0.9479201164210624	99.13165813541931	17.262079883578895
657	0.9478433367088069	99.13158135570706	17.26215666329115
658	0.9477665647647762	99.13150458376302	17.26223343523518
659	0.9476898005881724	99.13142781958642	17.262310199411786
660	0.947613044178198	99.13135106317645	17.26238695582176
661	0.9475362955340554	99.1312743145323	17.262463704465905
662	0.947459554654947	99.1311975736532	17.262540445345014
663	0.9473828215400755	99.13112084053833	17.262617178459884
664	0.9473060961886435	99.1310441151869	17.262693903811314
665	0.9472293785998537	99.13096739759811	17.262770621400104
666	0.947152668772909	99.13089068777117	17.26284733122705
667	0.9470759667070124	99.13081398570527	17.262924033292947
668	0.9469992724013668	99.13073729139963	17.26300072759859
669	0.9469225858551753	99.13066060485343	17.26307741414478
670	0.946845907067641	99.1305839260659	17.263154092932314
671	0.9467692360379674	99.13050725503622	17.26323076396199
672	0.9466925727653576	99.13043059176361	17.263307427234597
673	0.9466159172490151	99.13035393624727	17.26338408275094
674	0.9465392694881435	99.1302772884864	17.26346073051181
675	0.9464626294819463	99.1302006484802	17.263537370518005
676	0.9463859972296271	99.13012401622788	17.263614002770325
677	0.9463093727303898	99.13004739172864	17.26369062726956
678	0.9462327559834384	99.12997077498169	17.263767244016513
679	0.9461561469879765	99.12989416598623	17.263843853011974
680	0.9460795457432083	99.12981756474146	17.26392045425674
681	0.9460029522483379	99.12974097124659	17.263997047751612
682	0.9459263665025693	99.12966438550082	17.264073633497382
683	0.945849788505107	99.12958780750336	17.264150211494844
684	0.9457732182551554	99.12951123725341	17.264226781744796
685	0.9456966557519186	99.12943467475017	17.26430334424803
686	0.9456201009946015	99.12935811999286	17.26437989900535
687	0.9455435539824084	99.12928157298066	17.26445644601754
688	0.9454670147145442	99.1292050337128	17.264532985285406
689	0.9453904831902136	99.12912850218846	17.264609516809738
690	0.9453139594086214	99.12905197840688	17.26468604059133
691	0.9452374433689725	99.12897546236722	17.264762556630977
692	0.945160935070472	99.12889895406872	17.26483906492948
693	0.9450844345123252	99.12882245351057	17.264915565487627
694	0.9450079416937369	99.12874596069197	17.264992058306216
695	0.9449314566139128	99.12866947561214	17.26506854338604
696	0.9448549792720579	99.12859299827029	17.265145020727893
697	0.9447785096673778	99.12851652866561	17.26522149033257
698	0.944702047799078	99.12844006679731	17.26529795220087
699	0.9446255936663641	99.1283636126646	17.265374406333585
700	0.944549147268442	99.12828716626667	17.265450852731508
701	0.9444727086045172	99.12821072760275	17.265527291395433
702	0.9443962776737956	99.12813429667203	17.265603722326155
703	0.9443198544754833	99.12805787347372	17.265680145524467
704	0.9442434390087863	99.12798145800703	17.265756560991164
705	0.9441670312729106	99.12790505027115	17.26583296872704
706	0.9440906312670625	99.1278286502653	17.26590936873289
707	0.9440142389904482	99.12775225798869	17.265985761009503
708	0.9439378544422742	99.12767587344051	17.266062145557676
709	0.9438614776217468	99.12759949661998	17.266138522378203
710	0.9437851085280725	99.1275231275263	17.266214891471876
711	0.9437087471604582	99.12744676615868	17.26629125283949
712	0.9436323935181102	99.12737041251634	17.26636760648184
713	0.9435560476002357	99.12729406659847	17.266443952399715
714	0.9434797094060413	99.12721772840428	17.26652029059391
715	0.943403378934734	99.12714139793297	17.26659662106522
716	0.9433270561855209	99.12706507518376	17.26667294381443
717	0.9432507411576091	99.12698876015585	17.266749258842342
718	0.9431744338502058	99.12691245284844	17.266825566149745
719	0.9430981342625183	99.12683615326075	17.26690186573743
720	0.943021842393754	99.12675986139199	17.266978157606196
721	0.9429455582431202	99.12668357724135	17.26705444175683
722	0.9428692818098247	99.12660730080806	17.267130718190124
723	0.9427930130930748	99.12653103209131	17.267206986906874
724	0.9427167520920785	99.12645477109031	17.26728324790787
725	0.9426404988060434	99.12637851780427	17.267359501193905
726	0.9425642532341775	99.12630227223241	17.26743574676577
727	0.9424880153756886	99.12622603437391	17.26751198462426
728	0.942411785229785	99.126149804228	17.267588214770164
729	0.9423355627956745	99.12607358179389	17.267664437204274
730	0.9422593480725656	99.12599736707078	17.267740651927383
731	0.9421831410596665	99.12592116005789	17.267816858940282
732	0.9421069417561855	99.1258449607544	17.267893058243764
733	0.9420307501613311	99.12576876915955	17.267969249838618
734	0.9419545662743118	99.12569258527253	17.268045433725636
735	0.9418783900943364	99.12561640909256	17.26812160990561
736	0.9418022216206134	99.12554024061883	17.26819777837933
737	0.9417260608523518	99.12546407985057	17.268273939147594
738	0.9416499077887603	99.12538792678698	17.268350092211186
739	0.941573762429048	99.12531178142727	17.2684262375709
740	0.9414976247724238	99.12523564377065	17.268502375227524
741	0.9414214948180969	99.12515951381633	17.26857850518185
742	0.9413453725652765	99.1250833915635	17.26865462743467
743	0.941269258013172	99.1250072770114	17.268730741986776
744	0.9411931511609926	99.12493117015923	17.268806848838956
745	0.9411170520079478	99.12485507100618	17.268882947992
746	0.9410409605532473	99.12477897955148	17.268959039446703
747	0.9409648767961005	99.12470289579433	17.26903512320385
748	0.9408888007357173	99.12462681973395	17.269111199264234
749	0.9408127323713076	99.12455075136954	17.269187267628645
750	0.940736671702081	99.12447469070031	17.26926332829787
751	0.9406606187272476	99.12439863772548	17.269339381272705
752	0.9405845734460174	99.12432259244424	17.269415426553934
753	0.9405085358576006	99.12424655485583	17.26949146414235
754	0.9404325059612074	99.12417052495944	17.269567494038746
755	0.9403564837560481	99.12409450275428	17.269643516243907
756	0.9402804692413329	99.12401848823956	17.26971953075862
757	0.9402044624162724	99.1239424814145	17.269795537583683
758	0.9401284632800773	99.1238664822783	17.26987153671988
759	0.940052471831958	99.12379049083019	17.269947528168
760	0.9399764880711253	99.12371450706935	17.270023511928834
761	0.93990051199679	99.12363853099501	17.27009948800317
762	0.939824543608163	99.12356256260638	17.270175456391797
763	0.9397485829044553	99.12348660190267	17.270251417095505
764	0.9396726298848779	99.1234106488831	17.270327370115083
765	0.9395966845486419	99.12333470354686	17.27040331545132
766	0.9395207468949585	99.12325876589318	17.270479253105
767	0.939444816923039	99.12318283592127	17.270555183076922
768	0.9393688946320949	99.12310691363032	17.270631105367865
769	0.9392929800213377	99.12303099901956	17.270707019978623
770	0.9392170730899787	99.1229550920882	17.27078292690998
771	0.9391411738372296	99.12287919283546	17.27085882616273
772	0.9390652822623022	99.12280330126053	17.270934717737656
773	0.9389893983644083	99.12272741736264	17.27101060163555
774	0.9389135221427598	99.122651541141	17.271086477857196
775	0.9388376535965686	99.1225756725948	17.271162346403386
776	0.9387617927250467	99.12249981172329	17.27123820727491
777	0.9386859395274063	99.12242395852564	17.271314060472548
778	0.9386100940028597	99.1223481130011	17.271389905997093
779	0.938534256150619	99.12227227514886	17.271465743849333
780	0.9384584259698967	99.12219644496814	17.271541574030056
781	0.9383826034599052	99.12212062245816	17.271617396540048
782	0.9383067886198572	99.12204480761811	17.271693211380096
783	0.9382309814489651	99.12196900044722	17.271769018550987
784	0.9381551819464418	99.1218932009447	17.27184481805351
785	0.9380793901115	99.12181740910975	17.27192060988845
786	0.9380036059433526	99.1217416249416	17.271996394056597
787	0.9379278294412127	99.12166584843946	17.272072170558737
788	0.937852060604293	99.12159007960254	17.272147939395655
789	0.937776299431807	99.12151431843006	17.27222370056814
790	0.9377005459229676	99.12143856492122	17.27229945407698
791	0.9376248000769883	99.12136281907524	17.27237519992296
792	0.9375490618930825	99.12128708089134	17.272450938106864
793	0.9374733313704635	99.12121135036871	17.27252666862948
794	0.937397608508345	99.12113562750659	17.2726023914916
795	0.9373218933059404	99.12105991230419	17.272678106694002
796	0.9372461857624637	99.12098420476072	17.27275381423748
797	0.9371704858771285	99.12090850487539	17.272829514122815
798	0.9370947936491487	99.12083281264741	17.272905206350796
799	0.9370191090777383	99.120757128076	17.272980890922206
800	0.9369434321621113	99.12068145116037	17.273056567837834
801	0.9368677629014818	99.12060578189974	17.273132237098462
802	0.9367921012950641	99.12053012029332	17.27320789870488
803	0.9367164473420724	99.12045446634033	17.27328355265787
804	0.9366408010417211	99.12037882003999	17.27335919895822
805	0.9365651623932247	99.12030318139149	17.273434837606718
806	0.9364895313957978	99.12022755039406	17.273510468604144
807	0.9364139080486549	99.12015192704692	17.273586091951287
808	0.9363382923510106	99.12007631134928	17.27366170764893
809	0.9362626843020799	99.12000070330035	17.27373731569786
810	0.9361870839010776	99.11992510289934	17.273812916098862
811	0.9361114911472187	99.11984951014549	17.27388850885272
812	0.9360359060397181	99.11977392503799	17.27396409396022
813	0.935960328577791	99.11969834757606	17.27403967142215
814	0.9358847587606527	99.11962277775892	17.274115241239286
815	0.9358091965875184	99.11954721558578	17.27419080341242
816	0.9357336420576033	99.11947166105587	17.274266357942334
817	0.9356580951701231	99.11939611416838	17.274341904829814
818	0.9355825559242933	99.11932057492255	17.274417444075645
819	0.9355070243193294	99.11924504331759	17.27449297568061
820	0.9354315003544471	99.11916951935271	17.27456849964549
821	0.9353559840288623	99.11909400302713	17.274644015971074
822	0.9352804753417908	99.11901849434005	17.274719524658146
823	0.9352049742924485	99.11894299329072	17.274795025707487
824	0.9351294808800515	99.11886749987832	17.274870519119883
825	0.9350539951038159	99.11879201410208	17.27494600489612
826	0.934978516962958	99.11871653596123	17.275021483036976
827	0.9349030464566939	99.11864106545497	17.27509695354324
828	0.93482758358424	99.1185656025825	17.275172416415693
829	0.9347521283448128	99.11849014734308	17.275247871655118
830	0.9346766807376288	99.1184146997359	17.275323319262302
831	0.9346012407619045	99.11833925976016	17.275398759238026
832	0.9345258084168568	99.11826382741512	17.275474191583076
833	0.9344503837017024	99.11818840269997	17.275549616298232
834	0.9343749666156581	99.11811298561393	17.275625033384276
835	0.9342995571579408	99.11803757615621	17.275700442841995
836	0.9342241553277676	99.11796217432604	17.275775844672168
837	0.9341487611243556	99.11788678012263	17.275851238875582
838	0.9340733745469221	99.1178113935452	17.275926625453014
839	0.9339979955946841	99.11773601459296	17.276002004405253
840	0.9339226242668591	99.11766064326514	17.276077375733077
841	0.9338472605626646	99.11758527956094	17.276152739437272
842	0.9337719044813181	99.11750992347959	17.27622809551862
843	0.9336965560220372	99.11743457502031	17.2763034439779
844	0.9336212151840394	99.11735923418232	17.276378784815897
845	0.9335458819665426	99.11728390096482	17.276454118033392
846	0.9334705563687647	99.11720857536704	17.27652944363117
847	0.9333952383899237	99.1171332573882	17.27660476161001
848	0.9333199280292375	99.11705794702752	17.276680071970695
849	0.9332446252859241	99.1169826442842	17.276755374714007
850	0.9331693301592019	99.11690734915749	17.27683066984073
851	0.933094042648289	99.11683206164658	17.276905957351644
852	0.9330187627524038	99.1167567817507	17.27698123724753
853	0.9329434904707646	99.11668150946906	17.277056509529167
854	0.9328682258025901	99.11660624480089	17.277131774197343
855	0.9327929687470988	99.1165309877454	17.277207031252836
856	0.9327177193035094	99.11645573830182	17.277282280696426
857	0.9326424774710407	99.11638049646936	17.277357522528895
858	0.9325672432489114	99.11630526224724	17.277432756751026
859	0.9324920166363405	99.11623003563467	17.277507983363595
860	0.932416797632547	99.11615481663088	17.27758320236739
861	0.9323415862367501	99.11607960523509	17.277658413763184
862	0.9322663824481688	99.1160044014465	17.277733617551764
863	0.9321911862660225	99.11592920526435	17.27780881373391
864	0.9321159976895304	99.11585401668786	17.2778840023104
865	0.9320408167179118	99.11577883571624	17.277959183282018
866	0.9319656433503865	99.11570366234872	17.278034356649542
867	0.9318904775861738	99.1156284965845	17.278109522413754
868	0.9318153194244937	99.11555333842283	17.278184680575436
869	0.9317401688645657	99.1154781878629	17.278259831135365
870	0.9316650259056096	99.11540304490394	17.27833497409432
871	0.9315898905468455	99.11532790954517	17.278410109453084
872	0.9315147627874932	99.11525278178581	17.278485237212436
873	0.9314396426267729	99.1151776616251	17.278560357373156
874	0.9313645300639046	99.11510254906223	17.278635469936024
875	0.9312894250981087	99.11502744409643	17.27871057490182
876	0.9312143277286056	99.11495234672692	17.278785672271322
877	0.9311392379546154	99.11487725695294	17.278860762045312
878	0.9310641557753588	99.11480217477369	17.27893584422457
879	0.9309890811900564	99.11472710018839	17.279010918809874
880	0.9309140141979287	99.11465203319626	17.279085985802002
881	0.9308389547981966	99.11457697379653	17.279161045201736
882	0.9307639029900807	99.11450192198842	17.27923609700985
883	0.930688858772802	99.11442687777114	17.27931114122713
884	0.9306138221455816	99.11435184114391	17.27938617785435
885	0.9305387931076405	99.11427681210597	17.27946120689229
886	0.9304637716581998	99.11420179065652	17.27953622834173
887	0.9303887577964807	99.1141267767948	17.279611242203448
888	0.9303137515217045	99.11405177052004	17.279686248478225
889	0.9302387528330927	99.11397677183142	17.279761247166835
890	0.9301637617298666	99.11390178072818	17.27983623827006
891	0.9300887782112479	99.11382679720957	17.27991122178868
892	0.9300138022764582	99.11375182127478	17.27998619772347
893	0.9299388339247193	99.11367685292304	17.28006116607521
894	0.9298638731552529	99.11360189215357	17.280136126844678
895	0.9297889199672809	99.11352693896559	17.28021108003265
896	0.9297139743600252	99.11345199335834	17.280286025639906
897	0.929639036332708	99.11337705533103	17.280360963667224
898	0.9295641058845513	99.11330212488288	17.28043589411538
899	0.9294891830147773	99.1132272020131	17.280510816985156
900	0.9294142677226085	99.11315228672093	17.280585732277327
901	0.929339360007267	99.11307737900559	17.280660639992668
902	0.9292644598679755	99.11300247886629	17.28073554013196
903	0.9291895673039563	99.11292758630228	17.28081043269598
904	0.9291146823144322	99.11285270131275	17.280885317685502
905	0.9290398048986258	99.11277782389693	17.280960195101308
906	0.9289649350557599	99.11270295405407	17.281035064944174
907	0.9288900727850575	99.11262809178336	17.281109927214874
908	0.9288152180857414	99.11255323708404	17.28118478191419
909	0.9287403709570347	99.11247838995534	17.2812596290429
910	0.9286655313981604	99.11240355039646	17.281334468601774
911	0.9285906994083419	99.11232871840664	17.28140930059159
912	0.9285158749868024	99.1122538939851	17.28148412501313
913	0.9284410581327652	99.11217907713106	17.281558941867168
914	0.9283662488454538	99.11210426784375	17.28163375115448
915	0.9282914471240917	99.11202946612238	17.28170855287584
916	0.9282166529679025	99.11195467196619	17.28178334703203
917	0.9281418663761098	99.11187988537439	17.28185813362382
918	0.9280670873479375	99.11180510634622	17.281932912651992
919	0.9279923158826094	99.1117303348809	17.28200768411732
920	0.9279175519793496	99.11165557097765	17.28208244802058
921	0.9278427956373818	99.11158081463567	17.282157204362548
922	0.9277680468559303	99.11150606585421	17.282231953144
923	0.9276933056342193	99.1114313246325	17.282306694365708
924	0.9276185719714729	99.11135659096976	17.282381428028454
925	0.9275438458669156	99.1112818648652	17.282456154133012
926	0.9274691273197718	99.11120714631807	17.282530872680155
927	0.927394416329266	99.11113243532756	17.282605583670662
928	0.9273197128946227	99.11105773189291	17.282680287105304
929	0.9272450170150666	99.11098303601335	17.28275498298486
930	0.9271703286898224	99.11090834768811	17.282829671310104
931	0.9270956479181152	99.1108336669164	17.28290435208181
932	0.9270209746991696	99.11075899369746	17.282979025300758
933	0.9269463090322108	99.1106843280305	17.283053690967716
934	0.9268716509164637	99.11060966991475	17.283128349083462
935	0.9267970003511536	99.11053501934944	17.283202999648772
936	0.9267223573355058	99.11046037633379	17.28327764266442
937	0.9266477218687454	99.11038574086703	17.28335227813118
938	0.926573093950098	99.11031111294838	17.283426906049826
939	0.9264984735787891	99.11023649257707	17.283501526421134
940	0.9264238607540441	99.11016187975233	17.283576139245877
941	0.9263492554750888	99.11008727447337	17.28365074452483
942	0.9262746577411489	99.11001267673943	17.28372534225877
943	0.9262000675514502	99.10993808654973	17.283799932448467
944	0.9261254849052186	99.1098635039035	17.2838745150947
945	0.92605090980168	99.10978892879996	17.283949090198238
946	0.9259763422400606	99.10971436123833	17.284023657759857
947	0.9259017822195865	99.10963980121785	17.284098217780333
948	0.9258272297394838	99.10956524873775	17.284172770260437
949	0.925752684798979	99.10949070379725	17.284247315200943
950	0.9256781473972983	99.10941616639556	17.284321852602623
951	0.9256036175336682	99.10934163653194	17.284396382466255
952	0.9255290952073153	99.10926711420558	17.28447090479261
953	0.9254545804174663	99.10919259941574	17.284545419582457
954	0.9253800731633478	99.10911809216162	17.284619926836577
955	0.9253055734441866	99.10904359244246	17.28469442655574
956	0.9252310812592097	99.10896910025748	17.284768918740717
957	0.9251565966076439	99.10889461560592	17.284843403392284
958	0.9250821194887163	99.10882013848699	17.284917880511212
959	0.9250076499016541	99.10874566889993	17.284992350098275
960	0.9249331878456843	99.10867120684397	17.285066812154245
961	0.9248587333200344	99.10859675231832	17.285141266679894
962	0.9247842863239317	99.10852230532221	17.285215713675996
963	0.9247098468566036	99.10844786585488	17.285290153143325
964	0.9246354149172776	99.10837343391556	17.28536458508265
965	0.9245609905051815	99.10829900950347	17.285439009494745
966	0.9244865736195428	99.10822459261783	17.285513426380383
967	0.9244121642595893	99.10815018325788	17.285587835740337
968	0.9243377624245488	99.10807578142284	17.285662237575377
969	0.9242633681136494	99.10800138711194	17.285736631886277
970	0.924188981326119	99.10792700032441	17.285811018673808
971	0.9241146020611858	99.10785262105948	17.285885397938742
972	0.9240402303180778	99.10777824931637	17.28595976968185
973	0.9239658660960234	99.10770388509431	17.286034133903904
974	0.9238915093942509	99.10762952839254	17.286108490605677
975	0.9238171602119888	99.10755517921028	17.28618283978794
976	0.9237428185484654	99.10748083754676	17.286257181451465
977	0.9236684844029095	99.10740650340121	17.28633151559702
978	0.9235941577745497	99.10733217677284	17.28640584222538
979	0.9235198386626147	99.10725785766091	17.286480161337316
980	0.9234455270663333	99.10718354606463	17.2865544729336
981	0.9233712229849346	99.10710924198324	17.286628777014997
982	0.9232969264176474	99.10703494541595	17.286703073582284
983	0.9232226373637008	99.106960656362	17.28677736263623
984	0.9231483558223241	99.10688637482063	17.286851644177606
985	0.9230740817927464	99.10681210079106	17.286925918207185
986	0.922999815274197	99.10673783427251	17.287000184725734
987	0.9229255562659054	99.10666357526422	17.287074443734024
988	0.9228513047671011	99.10658932376542	17.28714869523283
989	0.9227770607770136	99.10651507977533	17.287222939222918
990	0.9227028242948725	99.1064408432932	17.28729717570506
991	0.9226285953199076	99.10636661431823	17.287371404680027
992	0.9225543738513486	99.10629239284967	17.287445626148585
993	0.9224801598884256	99.10621817888675	17.287519840111507
994	0.9224059534303684	99.1061439724287	17.287594046569563
995	0.9223317544764069	99.10606977347473	17.287668245523523
996	0.9222575630257716	99.1059955820241	17.28774243697416
997	0.9221833790776924	99.10592139807602	17.28781662092224
998	0.9221092026313998	99.10584722162973	17.287890797368533
999	0.922035033686124	99.10577305268446	17.287964966313808
