	L	R	LR
0	1.0	100.0	17.21
1	0.9950428507740219	99.99504285077401	17.21495714922598
2	0.9901159413209522	99.99011594132094	17.21988405867905
3	0.9852191235746637	99.98521912357465	17.224780876425342
4	0.9803522062910542	99.98035220629104	17.22964779370895
5	0.975515001915857	99.97551500191585	17.234484998084145
6	0.9707073260105183	99.97070732601051	17.239292673989482
7	0.9659289955091501	99.96592899550915	17.24407100449085
8	0.9611798286543428	99.96117982865434	17.248820171345656
9	0.9564596448244734	99.95645964482446	17.253540355175524
10	0.9517682644380329	99.95176826443802	17.258231735561964
11	0.9471055090557424	99.94710550905573	17.262894490944255
12	0.9424712014652503	99.94247120146524	17.267528798534748
13	0.9378651655891999	99.93786516558919	17.2721348344108
14	0.9332872264535496	99.93328722645354	17.27671277354645
15	0.9287372101724153	99.9287372101724	17.281262789827586
16	0.9242149439558061	99.92421494395579	17.285785056044197
17	0.91972025611223	99.91972025611221	17.290279743887776
18	0.9152529760454114	99.9152529760454	17.294747023954596
19	0.910812934245805	99.9108129342458	17.299187065754204
20	0.9063999622814879	99.90639996228148	17.30360003771852
21	0.9020138927899474	99.90201389278994	17.307986107210063
22	0.8976545594709322	99.89765455947092	17.31234544052908
23	0.8933217970796962	99.8933217970797	17.316678202920315
24	0.8890154414202138	99.88901544142021	17.3209845585798
25	0.8847353293386698	99.88473532933867	17.325264670661344
26	0.8804812987156261	99.88048129871562	17.32951870128439
27	0.8762531884593135	99.87625318845932	17.3337468115407
28	0.8720508384990776	99.87205083849908	17.337949161500937
29	0.8678740897786514	99.86787408977865	17.342125910221363
30	0.8637227842493481	99.86372278424935	17.346277215750664
31	0.8595967648633105	99.85959676486331	17.350403235136703
32	0.8554958755668582	99.85549587556686	17.354504124433156
33	0.8514199612939074	99.85141996129391	17.358580038706105
34	0.8473688679594354	99.84736886795945	17.362631132040576
35	0.8433424424532824	99.84334244245329	17.36665755754673
36	0.8393405326333984	99.8393405326334	17.370659467366615
37	0.8353629873189671	99.83536298731897	17.374637012681045
38	0.8314096562843449	99.83140965628435	17.37859034371567
39	0.8274803902530635	99.82748039025306	17.382519609746947
40	0.8235750408916382	99.82357504089163	17.38642495910837
41	0.8196934608031932	99.81969346080318	17.390306539196818
42	0.8158355035211519	99.81583550352114	17.394164496478858
43	0.812001023503091	99.81200102350307	17.39799897649692
44	0.808189876124705	99.80818987612469	17.401810123875308
45	0.804401917673794	99.80440191767379	17.405598082326218
46	0.8006370053442522	99.80063700534424	17.40936299465576
47	0.7968949972300786	99.79689499723007	17.41310500276993
48	0.7931757523194444	99.79317575231943	17.416824247680566
49	0.7894791304888212	99.7894791304888	17.42052086951119
50	0.7858049924971534	99.78580499249713	17.424195007502856
51	0.7821531999800596	99.78215319998003	17.42784680001995
52	0.7785236154440728	99.77852361544404	17.43147638455594
53	0.7749161022609228	99.77491610226089	17.43508389773909
54	0.771330524661863	99.77133052466183	17.438669475338152
55	0.767766747732037	99.76776674773201	17.44223325226798
56	0.7642246374048828	99.76422463740487	17.445775362595132
57	0.7607040604565755	99.76070406045656	17.44929593954344
58	0.7572048845005106	99.7572048845005	17.452795115499505
59	0.7537269779818255	99.75372697798181	17.45627302201819
60	0.7502702101719604	99.75027021017195	17.459729789828057
61	0.7468344511632558	99.74683445116325	17.46316554883676
62	0.7434195718635889	99.74341957186358	17.466580428136425
63	0.740025443991047	99.74002544399104	17.469974556008964
64	0.7366519400686385	99.73665194006864	17.47334805993137
65	0.733298933419041	99.73329893341905	17.476701066580972
66	0.7299662981593851	99.7299662981594	17.48003370184063
67	0.7266539091960759	99.72665390919609	17.483346090803938
68	0.7233616422196496	99.72336164221967	17.486638357780365
69	0.7200893736996667	99.7200893736997	17.489910626300347
70	0.7168369808796402	99.71683698087968	17.493163019120374
71	0.713604341771999	99.71360434177203	17.496395658228014
72	0.7103913351530868	99.7103913351531	17.499608664846924
73	0.7071978405581957	99.70719784055821	17.502802159441814
74	0.7040237382766336	99.70402373827665	17.505976261723376
75	0.7008689093468263	99.70086890934684	17.50913109065318
76	0.6977332355514543	99.69773323555145	17.51226676444855
77	0.6946165994126211	99.69461659941261	17.515383400587385
78	0.6915188841870578	99.69151888418705	17.51848111581295
79	0.6884399738613581	99.68843997386135	17.52156002613865
80	0.6853797531472484	99.68537975314723	17.524620246852763
81	0.6823381074768892	99.68233810747687	17.527661892523124
82	0.6793149229982095	99.67931492299819	17.530685077001802
83	0.6763100865702734	99.67631008657025	17.53368991342974
84	0.673323485758678	99.67332348575866	17.536676514241336
85	0.6703550088309838	99.67035500883097	17.53964499116903
86	0.6674045447521764	99.66740454475216	17.542595455247838
87	0.6644719831801588	99.66447198318014	17.545528016819855
88	0.6615572144612751	99.66155721446125	17.548442785538736
89	0.6586601296258652	99.65866012962584	17.551339870374143
90	0.6557806203838491	99.65578062038382	17.554219379616157
91	0.6529185791203428	99.65291857912031	17.557081420879662
92	0.6500738988913028	99.65007389889126	17.559926101108704
93	0.6472464734192018	99.64724647341916	17.562753526580806
94	0.6444361970887327	99.6444361970887	17.565563802911278
95	0.6416429649425428	99.6416429649425	17.56835703505747
96	0.6388666726769971	99.63886667267695	17.571133327323018
97	0.6361072166379702	99.63610721663792	17.573892783362044
98	0.6333644938166669	99.63336449381661	17.576635506183347
99	0.6306384018454717	99.63063840184542	17.57936159815454
100	0.6279288389938262	99.62792883899377	17.582071161006187
101	0.6252357041641349	99.62523570416408	17.58476429583588
102	0.6225588968876984	99.62255889688765	17.587441103112315
103	0.6198983173206748	99.61989831732063	17.59010168267934
104	0.6172538662400681	99.61725386624003	17.592746133759945
105	0.614625445039744	99.6146254450397	17.59537455496027
106	0.6120129557264734	99.61201295572644	17.597987044273538
107	0.6094163009160009	99.60941630091597	17.60058369908401
108	0.606835383829142	99.60683538382911	17.60316461617087
109	0.6042701082879061	99.60427010828788	17.605729891712105
110	0.6017203787116446	99.60172037871162	17.608279621288368
111	0.5991861001132274	99.5991861001132	17.610813899886786
112	0.5966671780952422	99.59666717809522	17.613332821904773
113	0.5941635188462223	99.5941635188462	17.615836481153792
114	0.5916750291368988	99.59167502913688	17.618324970863117
115	0.5892016163164772	99.58920161631646	17.62079838368354
116	0.5867431883089402	99.58674318830893	17.623256811691075
117	0.5842996536093759	99.58429965360936	17.62570034639064
118	0.5818709212803287	99.58187092128033	17.628129078719688
119	0.5794569009481771	99.57945690094817	17.630543099051838
120	0.5770575027995346	99.57705750279953	17.63294249720048
121	0.5746726375776744	99.57467263757768	17.63532736242234
122	0.5723022165789794	99.57230221657899	17.637697783421036
123	0.5699461516494154	99.56994615164943	17.6400538483506
124	0.5676043551810276	99.56760435518105	17.642395644818986
125	0.5652767401084612	99.56527674010849	17.644723259891553
126	0.5629632199055048	99.56296321990554	17.647036780094506
127	0.5606637085816577	99.5606637085817	17.64933629141835
128	0.5583781206787194	99.55837812067877	17.65162187932129
129	0.5561063712674025	99.55610637126746	17.653893628732607
130	0.5538483759439676	99.55384837594403	17.656151624056044
131	0.5516040508268819	99.55160405082695	17.65839594917313
132	0.5493733125534984	99.54937331255357	17.660626687446513
133	0.5471560782767588	99.54715607827684	17.662843921723255
134	0.5449522656619177	99.544952265662	17.665047734338096
135	0.5427617928832887	99.54276179288338	17.667238207116725
136	0.5405845786210124	99.54058457862111	17.669415421379
137	0.5384205420578455	99.53842054205795	17.671579457942165
138	0.5362696028759718	99.53626960287609	17.67373039712404
139	0.5341316812538341	99.53413168125394	17.675868318746176
140	0.5320066978629875	99.53200669786308	17.677993302137022
141	0.5298945738649727	99.52989457386506	17.680105426135036
142	0.5277952309082118	99.5277952309083	17.682204769091797
143	0.5257085911249225	99.525708591125	17.684291408875087
144	0.5236345771280548	99.52363457712812	17.686365422871955
145	0.521573112008247	99.52157311200831	17.68842688799176
146	0.5195241193308016	99.51952411933087	17.690475880669204
147	0.5174875231326821	99.51748752313274	17.69251247686732
148	0.5154632479195292	99.51546324791958	17.694536752080474
149	0.5134512186626969	99.51345121866275	17.696548781337306
150	0.5114513607963077	99.51145136079636	17.698548639203693
151	0.509463600214328	99.50946360021437	17.700536399785676
152	0.5074878632676628	99.5074878632677	17.70251213673234
153	0.5055240767612689	99.5055240767613	17.704475923238736
154	0.5035721679512875	99.50357216795132	17.706427832048718
155	0.5016320645421961	99.50163206454222	17.70836793545781
156	0.4997036946839789	99.499703694684	17.710296305316028
157	0.49778698696931556	99.49778698696933	17.71221301303069
158	0.49588187043078885	99.4958818704308	17.71411812956922
159	0.49398827453811056	99.49398827453811	17.716011725461897
160	0.49210612919536584	99.49210612919536	17.71789387080464
161	0.49023536473827545	99.49023536473827	17.719764635261733
162	0.48837591193147584	99.48837591193147	17.721624088068534
163	0.48652770196581785	99.48652770196581	17.723472298034192
164	0.48469066645568215	99.48469066645568	17.725309333544327
165	0.4828647374363131	99.4828647374363	17.727135262563696
166	0.4810498473611697	99.48104984736115	17.728950152638838
167	0.47924592909929414	99.47924592909926	17.730754070900712
168	0.4774529159326974	99.47745291593266	17.73254708406731
169	0.47567074155376204	99.47567074155373	17.734329258446245
170	0.4738993400626621	99.47389934006263	17.736100659937343
171	0.4721386459647998	99.47213864596476	17.737861354035203
172	0.47038859416825923	99.47038859416821	17.73961140583174
173	0.4686491199812761	99.46864911998122	17.741350880018725
174	0.46692015910972484	99.46692015910966	17.743079840890275
175	0.4652016476546214	99.46520164765455	17.744798352345377
176	0.46349352210964295	99.46349352210957	17.746506477890353
177	0.4617957193586633	99.46179571935859	17.748204280641332
178	0.4601081766733047	99.46010817667323	17.74989182332669
179	0.4584308317105055	99.45843083171043	17.75156916828949
180	0.4567636225101037	99.45676362251002	17.75323637748989
181	0.45510648749243615	99.45510648749236	17.75489351250756
182	0.45345936545595344	99.45345936545587	17.756540634544045
183	0.4518221955748506	99.45182219557476	17.75817780442515
184	0.4501949173967126	99.45019491739663	17.759805082603286
185	0.4485774708401758	99.44857747084009	17.761422529159823
186	0.44696979619260424	99.44696979619252	17.763030203807396
187	0.44537183410778114	99.44537183410769	17.76462816589222
188	0.44378352560361534	99.44378352560352	17.766216474396387
189	0.44220481205986273	99.44220481205977	17.76779518794014
190	0.4406356352158624	99.44063563521577	17.769364364784142
191	0.43907593716828763	99.4390759371682	17.770924062831718
192	0.437525660368911	99.43752566036882	17.772474339631096
193	0.43598474762238465	99.4359847476223	17.774015252377623
194	0.43445314208403446	99.43445314208395	17.775546857915973
195	0.4329307872576687	99.43293078725759	17.77706921274234
196	0.43141762699340086	99.43141762699332	17.778582373006607
197	0.4299136054854863	99.42991360548541	17.780086394514523
198	0.4284186672701734	99.4284186672701	17.781581332729836
199	0.42693275722356827	99.42693275722348	17.78306724277644
200	0.42545582055951325	99.42545582055943	17.784544179440495
201	0.42398780282747917	99.4239878028274	17.78601219717253
202	0.4225286499104714	99.42252864991039	17.787471350089536
203	0.42107830802294915	99.42107830802287	17.78892169197706
204	0.41963672370875826	99.41963672370868	17.79036327629125
205	0.4182038438390776	99.418203843839	17.791796156160927
206	0.4167796156103783	99.4167796156103	17.793220384389627
207	0.41536398654239626	99.41536398654232	17.79463601345761
208	0.41395690447611805	99.41395690447604	17.796043095523885
209	0.41255831757177935	99.4125583175717	17.79744168242822
210	0.4111681743068764	99.4111681743068	17.798831825693124
211	0.40978642347419053	99.40978642347412	17.80021357652581
212	0.4084130141798249	99.40841301417976	17.801586985820173
213	0.40704789584125417	99.40704789584119	17.80295210415874
214	0.40569101818538694	99.40569101818532	17.804308981814607
215	0.4043423312466401	99.40434233124658	17.80565766875335
216	0.4030017853650259	99.40300178536496	17.806998214634966
217	0.4016693311842511	99.4016693311842	17.808330668815742
218	0.4003449196498287	99.40034491964977	17.809655080350165
219	0.3990285020072014	99.39902850200714	17.810971497992792
220	0.39772002979987725	99.39772002979981	17.81227997020012
221	0.396419454867577	99.39641945486751	17.81358054513242
222	0.3951267293443941	99.39512672934433	17.814873270655607
223	0.3938418056569652	99.3938418056569	17.816158194343036
224	0.3925646365226539	99.3925646365226	17.817435363477347
225	0.3912951749477448	99.39129517494769	17.818704825052258
226	0.39003337422564976	99.3900333742256	17.819966625774352
227	0.3887791879351257	99.38877918793507	17.821220812064876
228	0.38753256993850344	99.38753256993846	17.8224674300615
229	0.38629347437992806	99.38629347437988	17.823706525620075
230	0.3850618556836107	99.38506185568357	17.824938144316395
231	0.38383766855209095	99.38383766855206	17.826162331447915
232	0.3826208679645112	99.38262086796449	17.827379132035496
233	0.38141140917490113	99.38141140917489	17.828588590825106
234	0.38020924771047354	99.38020924771047	17.829790752289533
235	0.3790143393699314	99.37901433936993	17.830985660630077
236	0.377826640221785	99.37782664022178	17.832173359778224
237	0.3766461066026804	99.37664610660268	17.83335389339733
238	0.37547269511573805	99.37547269511573	17.834527304884272
239	0.3743063626289026	99.3743063626289	17.835693637371108
240	0.3731470662733026	99.3731470662733	17.836852933726707
241	0.3719947634416211	99.37199476344162	17.838005236558388
242	0.3708494117864764	99.37084941178648	17.83915058821353
243	0.3697109692188132	99.36971096921881	17.840289030781193
244	0.3685793939063036	99.36857939390632	17.841420606093703
245	0.3674546442717592	99.36745464427177	17.842545355728248
246	0.3663366789915523	99.36633667899157	17.843663321008453
247	0.36522545699404746	99.36522545699407	17.844774543005958
248	0.3641209374580434	99.36412093745807	17.84587906254196
249	0.3630230798112242	99.36302307981126	17.84697692018878
250	0.36193184372862097	99.36193184372866	17.84806815627138
251	0.3608471891310826	99.36084718913112	17.84915281086892
252	0.3597690761837567	99.3597690761838	17.850230923816245
253	0.3586974652945801	99.35869746529463	17.85130253470542
254	0.3576323171127786	99.35763231711283	17.852367682887223
255	0.35657359252737686	99.35657359252744	17.853426407472625
256	0.3555212526657171	99.35552125266578	17.854478747334284
257	0.35447525889198744	99.35447525889205	17.855524741108013
258	0.3534355728057597	99.35343557280584	17.85656442719424
259	0.3524021562405362	99.35240215624061	17.85759784375946
260	0.35137497126230594	99.35137497126239	17.85862502873769
261	0.3503539801681097	99.3503539801682	17.859646019831885
262	0.34933914548461475	99.3493391454847	17.860660854515377
263	0.3483304299666977	99.3483304299668	17.861669570033293
264	0.3473277965960373	99.34732779659613	17.86267220340395
265	0.3463312085797153	99.34633120857981	17.86366879142027
266	0.3453406293488266	99.34534062934893	17.86465937065116
267	0.344356022557098	99.3443560225572	17.86564397744289
268	0.34337735207951603	99.34337735207963	17.866622647920472
269	0.34240458201096274	99.34240458201108	17.867595417989026
270	0.3414376766648608	99.341437676665	17.86856232333513
271	0.3404766005718267	99.34047660057196	17.869523399428164
272	0.3395213184783329	99.33952131847848	17.87047868152166
273	0.33857179534537774	99.33857179534553	17.871428204654617
274	0.3376279963471644	99.33762799634732	17.87237200365283
275	0.33668988686978785	99.33668988686995	17.87331011313021
276	0.33575743250993006	99.33575743251009	17.874242567490068
277	0.33483059907356366	99.33483059907373	17.875169400926435
278	0.3339093525746634	99.33390935257484	17.876090647425336
279	0.3329936592339262	99.3329936592341	17.877006340766073
280	0.3320834854774987	99.33208348547768	17.8779165145225
281	0.3311787979357133	99.3311787979359	17.878821202064287
282	0.33027956344183185	99.33027956344203	17.87972043655817
283	0.3293857490307975	99.329385749031	17.880614250969206
284	0.3284973219379941	99.3284973219382	17.88150267806201
285	0.32761424959801355	99.32761424959823	17.88238575040199
286	0.32673649964343104	99.32673649964364	17.883263500356573
287	0.32586403990358764	99.3258640399038	17.88413596009642
288	0.3249968384033809	99.3249968384036	17.885003161596625
289	0.32413486336206276	99.32413486336229	17.885865136637943
290	0.3232780831920452	99.32327808319228	17.88672191680796
291	0.32242646649771334	99.32242646649796	17.887573533502295
292	0.3215799820742458	99.3215799820745	17.888420017925764
293	0.3207385989064429	99.3207385989067	17.889261401093567
294	0.3199022861675616	99.31990228616783	17.89009771383245
295	0.3190710132181584	99.31907101321843	17.890928986781855
296	0.3182447496049388	99.31824474960523	17.891755250395075
297	0.3174234650596148	99.31742346505992	17.8925765349404
298	0.3166071294977686	99.31660712949808	17.893392870502247
299	0.3157957130177243	99.31579571301805	17.89420428698229
300	0.3149891858994262	99.31498918589975	17.895010814100587
301	0.31418751860332417	99.31418751860363	17.89581248139669
302	0.3133906817692659	99.31339068176956	17.896609318230748
303	0.3125986462153963	99.31259864621569	17.897401353784616
304	0.3118113829370639	99.31181138293735	17.89818861706295
305	0.3110288631057337	99.31102886310602	17.89897113689428
306	0.310251058067907	99.31025105806819	17.899748941932106
307	0.3094779393440481	99.30947793934432	17.900522060655966
308	0.3087094786275175	99.30870947862778	17.901290521372495
309	0.307945647783512	99.30794564778377	17.9020543522165
310	0.3071864188480111	99.30718641884826	17.902813581152
311	0.3064317640267305	99.30643176402697	17.903568235973278
312	0.3056816556940814	99.30568165569431	17.904318344305928
313	0.304936066392137	99.30493606639236	17.90506393360787
314	0.3041949688296051	99.30419496882982	17.905805031170402
315	0.3034583358808073	99.30345833588102	17.9065416641192
316	0.3027261405846641	99.30272614058487	17.90727385941534
317	0.30199835614368703	99.30199835614388	17.908001643856316
318	0.3012749559229765	99.30127495592316	17.908725044077027
319	0.3005559134492262	99.3005559134494	17.909444086550778
320	0.29984120240973366	99.29984120240991	17.91015879759027
321	0.29913079665141684	99.29913079665158	17.910869203348586
322	0.298424670179837	99.29842467018	17.911575329820163
323	0.2977227971582276	99.29772279715839	17.91227720284177
324	0.29702515190652923	99.29702515190668	17.91297484809347
325	0.29633170890043065	99.29633170890058	17.913668291099565
326	0.2956424427704156	99.29564244277056	17.91435755722958
327	0.2949573283008159	99.29495732830095	17.915042671699176
328	0.2942763404288698	99.29427634042901	17.91572365957112
329	0.2935994542437871	99.29359945424392	17.916400545756204
330	0.2929266449858191	99.29292664498594	17.91707335501417
331	0.29225788804533537	99.29225788804546	17.917742111954652
332	0.2915931589619052	99.29159315896202	17.91840684103808
333	0.29093243342338554	99.29093243342349	17.9190675665766
334	0.2902756872650144	99.29027568726512	17.91972431273497
335	0.2896228964685097	99.28962289646861	17.920377103531475
336	0.28897403716117376	99.28897403716127	17.921025962838808
337	0.28832908561500376	99.28832908561509	17.921670914384976
338	0.28768801824580714	99.28768801824589	17.92231198175417
339	0.28705081161232293	99.2870508116124	17.92294918838765
340	0.28641744241534817	99.28641744241543	17.923582557584623
341	0.2857878874968703	99.28578788749694	17.9242121125031
342	0.2851621238392042	99.28516212383927	17.924837876160762
343	0.28454012856413524	99.2845401285642	17.92545987143583
344	0.28392187893206733	99.28392187893213	17.9260781210679
345	0.2833073523411762	99.28330735234124	17.926692647658793
346	0.2826965263265683	99.28269652632663	17.927303473673405
347	0.28208937855944416	99.2820893785595	17.92791062144053
348	0.2814858868462681	99.28148588684633	17.92851411315371
349	0.2808860291279419	99.280886029128	17.929113970872038
350	0.2802897834789844	99.28028978347903	17.929710216521
351	0.27969712810671576	99.27969712810676	17.930302871893268
352	0.27910804135044687	99.27910804135048	17.93089195864954
353	0.2785225016806739	99.27852250168071	17.931477498319314
354	0.2779404876982779	99.27794048769832	17.932059512301713
355	0.277361978133729	99.27736197813377	17.932638021866264
356	0.2767869518462958	99.27678695184633	17.9332130481537
357	0.2762153878232598	99.27621538782329	17.933784612176737
358	0.27564726517913407	99.27564726517916	17.934352734820862
359	0.2750825631548877	99.27508256315491	17.93491743684511
360	0.27452126111717423	99.27452126111719	17.935478738882825
361	0.27396333855756516	99.27396333855758	17.936036661442436
362	0.27340877509178835	99.2734087750918	17.936591224908213
363	0.2728575504589709	99.27285755045898	17.93714244954103
364	0.2723096445208868	99.27230964452089	17.937690355479116
365	0.27176503726120915	99.2717650372612	17.938234962738797
366	0.2712237087847671	99.27122370878476	17.93877629121524
367	0.2706856393168075	99.2706856393168	17.939314360683202
368	0.2701508092022607	99.27015080920225	17.939849190797748
369	0.2696191989050115	99.26961919890499	17.940380801095
370	0.26909078900717387	99.26909078900715	17.94090921099284
371	0.2685655602083709	99.26856556020834	17.941434439791642
372	0.26804349332501853	99.26804349332498	17.941956506674995
373	0.2675245692896142	99.26752456928958	17.9424754307104
374	0.2670087691500296	99.26700876914998	17.942991230849984
375	0.26649607406880793	99.26649607406875	17.943503925931207
376	0.26598646532246545	99.26598646532241	17.944013534677552
377	0.2654799243007973	99.26547992430073	17.94452007569922
378	0.26497643250618763	99.26497643250612	17.94502356749383
379	0.26447597155292407	99.26447597155286	17.945524028447096
380	0.2639785231665162	99.26397852316644	17.946021476833504
381	0.2634840691830187	99.26348406918294	17.946515930817004
382	0.26299259154835786	99.26299259154827	17.947007408451665
383	0.2625040723176632	99.26250407231757	17.94749592768236
384	0.2620184936546024	99.26201849365451	17.94798150634542
385	0.2615358378307209	99.26153583783062	17.9484641621693
386	0.2610560872247851	99.26105608722469	17.94894391277524
387	0.26057922432213027	99.26057922432203	17.949420775677893
388	0.26010523171401145	99.26010523171391	17.94989476828601
389	0.2596340920969595	99.25963409209685	17.950365907903063
390	0.2591657882721401	99.25916578827203	17.950834211727884
391	0.25870030314471765	99.25870030314461	17.951299696855305
392	0.2582376197232222	99.2582376197231	17.9517623802768
393	0.2577777211189207	99.2577777211188	17.952222278881102
394	0.2573205905451925	99.25732059054506	17.95267940945483
395	0.25686621131690773	99.25686621131678	17.953133788683115
396	0.2564145668498104	99.25641456684967	17.953585433150213
397	0.2559656406599049	99.25596564065977	17.95403435934012
398	0.25551941636284636	99.2555194163627	17.954480583637178
399	0.2550758776733346	99.25507587767319	17.95492412232669
400	0.25463500840451203	99.25463500840436	17.955364991595513
401	0.25419679246736515	99.25419679246721	17.95580320753266
402	0.25376121387012973	99.25376121386998	17.956238786129898
403	0.25332825671769976	99.25332825671755	17.956671743282328
404	0.2528979052110397	99.25289790521089	17.95710209478899
405	0.25247014364660086	99.25247014364645	17.95752985635343
406	0.25204495641574076	99.25204495641559	17.95795504358429
407	0.2516223280041465	99.25162232800399	17.958377671995883
408	0.2512022429912618	99.2512022429911	17.958797757008767
409	0.2507846860497169	99.25078468604956	17.959215313950313
410	0.2503696419447625	99.2503696419446	17.959630358055268
411	0.24995709553370735	99.24995709553355	17.960042904466324
412	0.24954703176535847	99.24954703176519	17.960452968234673
413	0.24913943567946575	99.2491394356793	17.960860564320566
414	0.24873429240616926	99.248734292406	17.961265707593864
415	0.24833158716545034	99.24833158716528	17.961668412834584
416	0.24793130526658597	99.24793130526642	17.962068694733446
417	0.2475334321076064	99.24753343210743	17.962466567892427
418	0.24713795317475618	99.24713795317457	17.96286204682528
419	0.24674485404195848	99.24674485404176	17.963255145958076
420	0.24635412037028276	99.24635412037009	17.963645879629752
421	0.24596573790741558	99.24596573790721	17.964034262092618
422	0.24557969248713468	99.24557969248693	17.9644203075129
423	0.24519597002878646	99.24519597002858	17.964804029971248
424	0.24481455653676643	99.24481455653655	17.965185443463266
425	0.24443543810000298	99.24443543809979	17.965564561900027
426	0.2440586008914442	99.24405860089122	17.965941399108587
427	0.24368403116754805	99.24368403116732	17.966315968832482
428	0.2433117152677755	99.24331171526754	17.966688284732253
429	0.24294163961408669	99.24294163961385	17.96705836038594
430	0.24257379071044038	99.2425737907102	17.967426209289588
431	0.2422081551422964	99.24220815514205	17.967791844857732
432	0.2418447195761211	99.24184471957588	17.968155280423908
433	0.24148347075889579	99.24148347075865	17.968516529241132
434	0.24112439551762832	99.24112439551739	17.9688756044824
435	0.24076748075886764	99.24076748075862	17.96923251924116
436	0.2404127134682211	99.24041271346798	17.969587286531805
437	0.24006008070987506	99.24006008070963	17.96993991929015
438	0.23970956962611817	99.23970956962586	17.970290430373907
439	0.23936116743686764	99.2393611674366	17.970638832563157
440	0.23901486143919848	99.23901486143893	17.970985138560824
441	0.23867063900687555	99.2386706390066	17.971329360993145
442	0.23832848758988842	99.23832848758961	17.971671512410133
443	0.23798839471398928	99.23798839471371	17.97201160528603
444	0.23765034798023332	99.23765034797995	17.972349652019787
445	0.23731433506452237	99.23731433506424	17.972685664935497
446	0.236980343717151	99.23698034371687	17.97301965628287
447	0.23664836176235543	99.23664836176206	17.973351638237663
448	0.23631837709786543	99.23631837709758	17.973681622902152
449	0.2359903776944587	99.23599037769416	17.97400962230556
450	0.23566435159551796	99.23566435159522	17.974335648404498
451	0.23534028691659112	99.23534028691628	17.974659713083422
452	0.23501817184495358	99.23501817184464	17.97498182815506
453	0.23469799463917376	99.23469799463886	17.975302005360838
454	0.2343797436286809	99.23437974362837	17.97562025637133
455	0.23406340721333552	99.23406340721301	17.975936592786674
456	0.23374897386300292	99.23374897386267	17.976251026137007
457	0.23343643211712864	99.2334364321168	17.97656356788288
458	0.23312577058431705	99.233125770584	17.976874229415692
459	0.23281697794191228	99.23281697794158	17.977183022058096
460	0.2325100429355817	99.23251004293525	17.977489957064424
461	0.232204954378902	99.23220495437856	17.977795045621104
462	0.23190170115294786	99.23190170115261	17.97809829884706
463	0.23160027220588292	99.23160027220554	17.978399727794123
464	0.23130065655255347	99.23130065655221	17.978699343447452
465	0.23100284327408455	99.23100284327374	17.97899715672592
466	0.2307068215174785	99.23070682151713	17.979293178482525
467	0.23041258049521587	99.23041258049487	17.979587419504785
468	0.23012010948485895	99.23012010948452	17.97987989051514
469	0.22982939782865755	99.22982939782831	17.980170602171338
470	0.2295404349331574	99.22954043493282	17.980459565066838
471	0.22925321026881057	99.22925321026847	17.98074678973118
472	0.22896771336958874	99.22896771336924	17.981032286630402
473	0.22868393383259839	99.22868393383226	17.98131606616739
474	0.22840186131769866	99.22840186131735	17.98159813868229
475	0.22812148554712136	99.22812148554677	17.981878514452866
476	0.22784279630509333	99.22784279630474	17.982157203694893
477	0.22756578343746123	99.22756578343711	17.982434216562524
478	0.22729043685131833	99.22729043685096	17.982709563148667
479	0.22701674651463397	99.22701674651428	17.98298325348535
480	0.22674470245588485	99.22674470245553	17.983255297544098
481	0.226474294763689	99.22647429476334	17.983525705236293
482	0.22620551358644153	99.22620551358608	17.98379448641354
483	0.22593834913195307	99.2259383491316	17.98406165086803
484	0.22567279166708998	99.22567279166672	17.98432720833289
485	0.2254088315174171	99.22540883151704	17.98459116848256
486	0.22514645906684247	99.22514645906647	17.984853540933134
487	0.22488566475726424	99.22488566475688	17.98511433524271
488	0.22462643908821978	99.22462643908784	17.985373560911754
489	0.22436877261653693	99.22436877261616	17.985631227383436
490	0.2241126559559874	99.22411265595561	17.985887344043984
491	0.22385807977694208	99.22385807977656	17.986141920223027
492	0.22360503480602884	99.22360503480564	17.986394965193938
493	0.2233535118257919	99.22335351182541	17.986646488174173
494	0.2231035016743539	99.22310350167396	17.98689649832561
495	0.22285499524507926	99.22285499524469	17.987145004754883
496	0.22260798348624045	99.22260798348584	17.98739201651372
497	0.22236245740068547	99.22236245740028	17.987637542599273
498	0.22211840804550803	99.2221184080451	17.987881591954448
499	0.22187582653171928	99.22187582653132	17.988124173468236
500	0.22163470402392174	99.22163470402351	17.98836529597603
501	0.2213950317399852	99.22139503173958	17.988604968259967
502	0.22115680095072454	99.22115680095031	17.988843199049224
503	0.2209200029795796	99.22092000297917	17.98907999702037
504	0.2206846292022968	99.22068462920188	17.98931537079765
505	0.2204506710466131	99.2204506710462	17.989549328953334
506	0.2202181199919412	99.22021811999151	17.989781880008003
507	0.2199869675690576	99.21998696756863	17.990013032430884
508	0.21975720535979157	99.21975720535936	17.99024279464015
509	0.21952882499671672	99.21952882499627	17.990471175003222
510	0.21930181816284414	99.2193018181624	17.990698181837093
511	0.21907617659131742	99.21907617659087	17.990923823408618
512	0.21885189206510972	99.21885189206466	17.991148107934823
513	0.21862895641672228	99.21862895641627	17.991371043583207
514	0.2184073615278853	99.21840736152743	17.991592638472042
515	0.21818709932926017	99.2181870993288	17.991812900670666
516	0.21796816180014364	99.21796816179969	17.992031838199782
517	0.2177505409681741	99.21775054096771	17.99224945903175
518	0.21753422890903912	99.21753422890858	17.992465771090885
519	0.2173192177461852	99.21731921774573	17.99268078225374
520	0.2171054996505291	99.21710549965007	17.992894500349397
521	0.21689306684017082	99.21689306683972	17.99310693315976
522	0.2166819115801086	99.21668191157966	17.993318088419823
523	0.21647202618195543	99.2164720261815	17.99352797381798
524	0.2162634030036574	99.21626340300321	17.99373659699628
525	0.21605603444921365	99.21605603444877	17.993943965550724
526	0.21584991296839806	99.21584991296795	17.994150087031542
527	0.21564503105648283	99.21564503105604	17.99435496894346
528	0.2154413812539634	99.21544138125353	17.99455861874598
529	0.2152389561462852	99.21523895614585	17.99476104385366
530	0.2150377483635722	99.21503774836314	17.994962251636377
531	0.21483775058035687	99.21483775057993	17.995162249419593
532	0.21463895551531192	99.21463895551489	17.99536104448464
533	0.21444135593098365	99.21444135593056	17.995558644068968
534	0.21424494463352683	99.21424494463311	17.995755055366427
535	0.2140497144724414	99.21404971447203	17.995950285527513
536	0.21385565834031048	99.2138556583399	17.996144341659647
537	0.21366276917254018	99.21366276917212	17.996337230827418
538	0.21347103994710104	99.21347103994668	17.99652896005286
539	0.21328046368427075	99.21328046368384	17.99671953631569
540	0.21309103344637875	99.21309103344595	17.996908966553583
541	0.2129027423375522	99.21290274233712	17.99709725766241
542	0.21271558350346345	99.21271558350303	17.997284416496502
543	0.21252955013107933	99.21252955013064	17.99747044986889
544	0.2123446354484116	99.21234463544798	17.99765536455156
545	0.21216083272426908	99.21216083272384	17.997839167275703
546	0.21197813526801135	99.21197813526759	17.998021864731964
547	0.21179653642930382	99.21179653642888	17.998203463570672
548	0.21161602959787443	99.21161602959745	17.998383970402102
549	0.21143660820327156	99.21143660820285	17.998563391796708
550	0.21125826571462378	99.21125826571419	17.998741734285357
551	0.2110809956404007	99.21108099563997	17.998919004359582
552	0.21090479152817554	99.21090479152775	17.999095208471807
553	0.210729646964389	99.21072964696397	17.999270353035595
554	0.21055555557411462	99.21055555557369	17.99944444442587
555	0.21038251102082545	99.2103825110204	17.99961748897916
556	0.21021050700616228	99.21021050700574	17.999789492993823
557	0.2100395372697033	99.21003953726928	17.999960462730282
558	0.20986959558873494	99.20986959558832	18.00013040441125
559	0.2097006757780243	99.2097006757776	18.000299324221963
560	0.2095327716895929	99.20953277168917	18.000467228310395
561	0.20936587721249172	99.20936587721206	18.0006341227875
562	0.20919998627257785	99.20919998627215	18.000800013727414
563	0.20903509283229219	99.20903509283187	18.000964907167702
564	0.2088711908904386	99.20887119089001	18.001128809109556
565	0.20870827448196452	99.20870827448154	18.00129172551803
566	0.20854633767774283	99.20854633767732	18.001453662322252
567	0.2083853745843549	99.20838537458393	18.00161462541564
568	0.20822537934387522	99.20822537934345	18.00177462065612
569	0.20806634613365707	99.20806634613322	18.00193365386634
570	0.20790826916611974	99.20790826916569	18.00209173083388
571	0.20775114268853673	99.2077511426881	18.002248857311464
572	0.20759496098282565	99.20759496098238	18.002405039017177
573	0.20743971836533898	99.2074397183649	18.002560281634665
574	0.20728540918665633	99.20728540918621	18.002714590813348
575	0.2071320278313779	99.20713202783094	18.002867972168627
576	0.20697956871791925	99.20697956871747	18.003020431282085
577	0.20682802629830715	99.20682802629786	18.003171973701697
578	0.20667739505797686	99.20667739505753	18.003322604942028
579	0.2065276695155705	99.20652766951511	18.003472330484435
580	0.20637884422273678	99.20637884422227	18.00362115577727
581	0.2062309137639318	99.20623091376346	18.003769086236076
582	0.20608387275622106	99.20608387275576	18.003916127243787
583	0.20593771584908285	99.20593771584862	18.004062284150926
584	0.20579243772421263	99.20579243772374	18.0042075622758
585	0.20564803309532867	99.20564803309486	18.004351966904682
586	0.20550449670797882	99.2055044967075	18.004495503292034
587	0.2053618233393486	99.20536182333888	18.004638176660666
588	0.20522000779807034	99.20522000779759	18.004779992201946
589	0.20507904492403337	99.20507904492355	18.004920955075985
590	0.20493892958819554	99.20493892958771	18.005061070411823
591	0.20479965669239591	99.20479965669192	18.005200343307624
592	0.20466122116916832	99.20466122116869	18.005338778830854
593	0.20452361798155635	99.20452361798108	18.00547638201847
594	0.2043868421229292	99.20438684212246	18.005613157877097
595	0.20425088861679894	99.20425088861633	18.005749111383228
596	0.20411575251663855	99.20411575251617	18.00588424748339
597	0.2039814289057013	99.20398142890524	18.00601857109433
598	0.20384791289684112	99.20384791289638	18.006152087103192
599	0.2037151996323341	99.20371519963187	18.006284800367702
600	0.203583284283701	99.20358328428324	18.006416715716338
601	0.203452162051531	99.20345216205106	18.00654783794851
602	0.2033218281653062	99.20332182816483	18.006678171834736
603	0.2031922778832276	99.20319227788275	18.006807722116815
604	0.20306350649204183	99.20306350649156	18.006936493508
605	0.2029355093068689	99.20293550930639	18.007064490693175
606	0.20280828167103132	99.20280828167054	18.007191718329015
607	0.2026818189558838	99.2026818189554	18.007318181044162
608	0.20255611656064448	99.20255611656016	18.007443883439404
609	0.20243116991222673	99.20243116991175	18.007568830087823
610	0.20230697446507223	99.20230697446459	18.00769302553498
611	0.20218352570098494	99.2021835257005	18.00781647429907
612	0.20206081912896623	99.20206081912849	18.007939180871087
613	0.2019388502850508	99.20193885028458	18.008061149715004
614	0.2018176147321437	99.20181761473167	18.00818238526791
615	0.2016971080598584	99.20169710805938	18.008302891940197
616	0.20157732588435567	99.20157732588387	18.0084226741157
617	0.2014582638481836	99.2014582638477	18.008541736151873
618	0.20133991762011855	99.20133991761963	18.00866008237994
619	0.2012222828950069	99.20122228289452	18.00877771710505
620	0.20110535539360802	99.20110535539312	18.00889464460645
621	0.20098913086243803	99.20098913086196	18.009010869137622
622	0.20087360507361446	99.20087360507313	18.009126394926447
623	0.20075877382470206	99.20075877382422	18.009241226175362
624	0.20064463293855922	99.20064463293808	18.009355367061506
625	0.20053117826318567	99.20053117826271	18.00946882173688
626	0.20041840567157085	99.20041840567109	18.0095815943285
627	0.20030631106154329	99.20030631106106	18.009693688938526
628	0.2001948903556209	99.20019489035514	18.00980510964445
629	0.2000841395008622	99.20008413950038	18.00991586049921
630	0.19997405446871827	99.19997405446823	18.010025945531353
631	0.1998646312548859	99.1998646312544	18.010135368745186
632	0.19975586587916136	99.19975586587867	18.01024413412091
633	0.19964775438529517	99.1996477543848	18.010352245614776
634	0.1995402928408477	99.19954029284035	18.010459707159225
635	0.19943347733704572	99.19943347733656	18.010566522663026
636	0.19932730398863976	99.19932730398814	18.010672696011433
637	0.19922176893376234	99.19922176893326	18.01077823106631
638	0.19911686833378703	99.19911686833328	18.010883131666287
639	0.19901259837318844	99.19901259837268	18.010987401626885
640	0.19890895525940294	99.19890895525889	18.01109104474067
641	0.19880593522269036	99.19880593522217	18.011194064777385
642	0.1987035345159964	99.19870353451547	18.01129646548408
643	0.19860174941481595	99.1986017494143	18.01139825058526
644	0.19850057621705722	99.19850057621653	18.011499423783018
645	0.19840001124290663	99.19840001124238	18.01159998875717
646	0.1983000508346946	99.19830005083418	18.011699949165383
647	0.19820069135676216	99.19820069135625	18.011799308643315
648	0.19810192919532826	99.19810192919482	18.01189807080475
649	0.198003760758358	99.19800376075784	18.01199623924172
650	0.1979061824754315	99.19790618247491	18.012093817524647
651	0.19780919079761386	99.19780919079709	18.012190809202465
652	0.19771278219732544	99.1977127821968	18.012287217802754
653	0.19761695316821346	99.1976169531677	18.012383046831868
654	0.19752170022502397	99.1975217002245	18.012478299775058
655	0.1974270199034747	99.19742701990295	18.012572980096607
656	0.19733290876012882	99.1973329087596	18.012667091239955
657	0.19723936337226924	99.19723936337175	18.012760636627814
658	0.19714638033777387	99.19714638033726	18.01285361966231
659	0.1970539562749915	99.19705395627447	18.01294604372509
660	0.19696208782261854	99.1969620878221	18.013037912177463
661	0.19687077163957628	99.19687077163906	18.013129228360505
662	0.19678000440488927	99.19678000440437	18.013219995595193
663	0.196689782817564	99.19668978281705	18.013310217182518
664	0.19660010359646868	99.19660010359596	18.013399896403612
665	0.19651096348021355	99.1965109634797	18.013489036519868
666	0.1964223592270319	99.19642235922652	18.01357764077305
667	0.19633428761466198	99.19633428761415	18.01366571238542
668	0.19624674544022938	99.19624674543972	18.013753254559855
669	0.19615972952013033	99.19615972951962	18.013840270479957
670	0.19607323668991558	99.1960732366894	18.013926763310174
671	0.19598726380417508	99.19598726380366	18.014012736195916
672	0.19590180773642324	99.19590180773591	18.014098192263667
673	0.19581686537898493	99.19581686537848	18.014183134621106
674	0.1957324336428823	99.19573243364238	18.01426756635721
675	0.19564850945772194	99.19564850945721	18.01435149054237
676	0.19556508977158318	99.19556508977108	18.01443491022851
677	0.19548217155090672	99.19548217155041	18.014517828449186
678	0.19539975178038405	99.19539975177989	18.01460024821971
679	0.19531782746284748	99.19531782746235	18.01468217253725
680	0.195236395619161	99.19523639561866	18.014763604380935
681	0.19515545328811157	99.19515545328761	18.014844546711984
682	0.19507499752630122	99.19507499752581	18.014925002473795
683	0.19499502540803976	99.19499502540755	18.015004974592056
684	0.19491553402523815	99.19491553402474	18.01508446597486
685	0.1948365204873025	99.1948365204868	18.015163479512793
686	0.1947579819210286	99.19475798192053	18.015242018079068
687	0.19467991547049743	99.19467991547	18.0153200845296
688	0.19460231829697078	99.19460231829648	18.015397681703124
689	0.19452518757878803	99.1945251875783	18.015474812421306
690	0.19444852051126316	99.19444852051076	18.01555147948883
691	0.19437231430658258	99.19437231430608	18.015627685693513
692	0.19429656619370356	99.1942965661932	18.015703433806394
693	0.19422127341825318	99.19422127341775	18.015778726581846
694	0.19414643324242797	99.19414643324193	18.015853566757674
695	0.19407204294489416	99.19407204294438	18.015927957055208
696	0.19399809982068847	99.19399809982018	18.016001900179415
697	0.19392460118111954	99.19392460118061	18.016075398818984
698	0.19385154435366997	99.19385154435317	18.016148455646434
699	0.19377892668189894	99.19377892668139	18.016221073318206
700	0.19370674552534542	99.19370674552484	18.01629325447476
701	0.19363499825943184	99.19363499825891	18.016365001740674
702	0.1935636822753686	99.19356368227486	18.016436317724736
703	0.19349279498005892	99.19349279497955	18.016507205020048
704	0.1934223337960044	99.1934223337955	18.016577666204103
705	0.19335229616121108	99.1933522961607	18.016647703838895
706	0.19328267952909603	99.19328267952858	18.01671732047101
707	0.19321348136839475	99.19321348136788	18.01678651863171
708	0.19314469916306873	99.19314469916254	18.016855300837037
709	0.1930763304122139	99.19307633041169	18.016923669587893
710	0.19300837262996942	99.19300837262944	18.01699162737014
711	0.19294082334542728	99.1929408233449	18.01705917665468
712	0.19287368010254208	99.19287368010201	18.017126319897567
713	0.19280694046004168	99.1928069404595	18.01719305954007
714	0.19274060199133816	99.1927406019908	18.017259398008772
715	0.19267466228443955	99.1926746622839	18.017325337715672
716	0.1926091189418619	99.19260911894133	18.01739088105825
717	0.19254396958054182	99.19254396958002	18.01745603041957
718	0.19247921183174987	99.19247921183123	18.017520788168362
719	0.19241484334100414	99.19241484334049	18.01758515665911
720	0.19235086176798452	99.19235086176747	18.01764913823213
721	0.1922872647864474	99.19228726478593	18.017712735213667
722	0.192224050084141	99.19222405008362	18.017775949915976
723	0.1921612153627211	99.1921612153622	18.017838784637394
724	0.19209875833766735	99.19209875833715	18.01790124166245
725	0.19203667673820005	99.19203667673769	18.017963323261917
726	0.1919749683071974	99.19197496830668	18.01802503169292
727	0.19191363080111332	99.1919136308006	18.018086369199004
728	0.19185266198989573	99.19185266198939	18.018147338010223
729	0.1917920596569053	99.1917920596564	18.018207940343213
730	0.19173182159883473	99.19173182159832	18.018268178401286
731	0.19167194562562853	99.19167194562512	18.018328054374493
732	0.19161242956040317	99.1916124295599	18.018387570439717
733	0.19155327123936788	99.19155327123886	18.018446728760754
734	0.19149446851174584	99.19149446851124	18.018505531488376
735	0.1914360192396958	99.19143601923919	18.018563980760426
736	0.19137792129823422	99.19137792129773	18.01862207870189
737	0.19132017257515793	99.19132017257465	18.018679827424965
738	0.19126277097096717	99.19126277097045	18.018737229029156
739	0.19120571439878914	99.19120571439828	18.018794285601334
740	0.19114900078430197	99.1911490007838	18.01885099921582
741	0.19109262806565927	99.19109262806515	18.018907371934464
742	0.19103659419341487	99.19103659419291	18.01896340580671
743	0.1909808971304484	99.19098089712995	18.019019102869674
744	0.19092553485189104	99.19092553485139	18.019074465148233
745	0.19087050534505162	99.19087050534455	18.019129494655072
746	0.19081580660934352	99.19081580660884	18.01918419339078
747	0.1907614366562118	99.1907614366557	18.019238563343915
748	0.19070739350906069	99.19070739350856	18.019292606491067
749	0.1906536752031817	99.19065367520268	18.019346324796945
750	0.190600279785682	99.19060027978519	18.019399720214444
751	0.19054720531541347	99.19054720531491	18.019452794684714
752	0.19049444986290176	99.1904944498624	18.019505550137225
753	0.19044201151027634	99.19044201150977	18.01955798848985
754	0.19038988835120044	99.1903898883507	18.019610111648927
755	0.1903380784908017	99.1903380784903	18.019661921509325
756	0.19028658004560323	99.1902865800451	18.019713419954524
757	0.19023539114345495	99.19023539114295	18.019764608856672
758	0.19018450992346553	99.19018450992296	18.019815490076663
759	0.19013393453593455	99.19013393453542	18.019866065464196
760	0.19008366314228517	99.19008366314178	18.019916336857847
761	0.1900336939149972	99.19003369391449	18.019966306085134
762	0.1899840250375406	99.18998402503703	18.02001597496259
763	0.18993465470430929	99.1899346547038	18.020065345295823
764	0.18988558112055545	99.18988558112005	18.020114418879576
765	0.1898368025023242	99.18983680250182	18.02016319749781
766	0.1897883170763886	99.18978831707588	18.020211682923744
767	0.1897401230801851	99.18974012307967	18.020259876919948
768	0.18969221876174938	99.18969221876124	18.020307781238383
769	0.18964460237965267	99.18964460237915	18.02035539762048
770	0.18959727220293818	99.18959727220243	18.020402727797197
771	0.1895502265110582	99.18955022651055	18.020449773489077
772	0.18950346359381148	99.1895034635933	18.020496536406323
773	0.1894569817512809	99.18945698175077	18.020543018248855
774	0.18941077929377162	99.18941077929325	18.020589220706366
775	0.18936485454174956	99.18936485454124	18.02063514545839
776	0.18931920582578035	99.18931920582527	18.020680794174357
777	0.18927383148646842	99.18927383148596	18.02072616851367
778	0.18922872987439673	99.18922872987389	18.020771270125742
779	0.18918389935006663	99.18918389934956	18.020816100650073
780	0.1891393382838382	99.18913933828333	18.020860661716302
781	0.18909504505587096	99.18909504505535	18.02090495494427
782	0.18905101805606497	99.18905101805555	18.020948981944077
783	0.18900725568400206	99.18900725568349	18.02099274431614
784	0.18896375634888773	99.18896375634837	18.021036243651253
785	0.18892051846949318	99.18892051846898	18.02107948153065
786	0.18887754047409774	99.18887754047358	18.021122459526044
787	0.1888348208004317	99.18883482079991	18.02116517919971
788	0.1887923578956195	99.1887923578951	18.02120764210452
789	0.18875015021612304	99.1887501502156	18.021249849784017
790	0.18870819622768573	99.18870819622715	18.021291803772453
791	0.18866649440527644	99.18866649440474	18.021333505594864
792	0.1886250432330341	99.1886250432325	18.021374956767108
793	0.1885838412042126	99.18858384120368	18.02141615879593
794	0.18854288682112574	99.1885428868206	18.021457113179018
795	0.18850217859509297	99.18850217859456	18.021497821405053
796	0.188461715046385	99.18846171504585	18.02153828495376
797	0.1884214947041701	99.18842149470363	18.021578505295974
798	0.18838151610646048	99.18838151610592	18.021618483893683
799	0.18834177780005912	99.18834177779952	18.021658222200085
800	0.1883022783405069	99.18830227833998	18.02169772165964
801	0.18826301629202993	99.1882630162915	18.021736983708116
802	0.18822399022748754	99.18822399022696	18.02177600977266
803	0.18818519872832007	99.1881851987278	18.021814801271827
804	0.18814664038449738	99.18814664038398	18.02185335961565
805	0.18810831379446755	99.18810831379395	18.02189168620568
806	0.18807021756510578	99.18807021756459	18.02192978243504
807	0.18803235031166385	99.18803235031115	18.021967649688484
808	0.1879947106577196	99.18799471065721	18.022005289342427
809	0.18795729723512689	99.18795729723462	18.02204270276502
810	0.18792010868396578	99.18792010868346	18.02207989131618
811	0.1878831436524931	99.18788314365199	18.022116856347655
812	0.18784640079709322	99.18784640079659	18.022153599203055
813	0.18780987878222918	99.18780987878172	18.022190121217918
814	0.1877735762803941	99.18777357627988	18.022226423719754
815	0.18773749197206283	99.18773749197155	18.022262508028085
816	0.18770162454564393	99.18770162454513	18.022298375454504
817	0.1876659726974321	99.18766597269692	18.022334027302715
818	0.18763053513156053	99.18763053513105	18.022369464868586
819	0.18759531055995385	99.18759531055944	18.022404689440194
820	0.18756029770228128	99.18756029770176	18.022439702297866
821	0.18752549528591	99.1875254952854	18.02247450471424
822	0.18749090204585886	99.18749090204535	18.02250909795429
823	0.1874565167247524	99.18745651672425	18.0225434832754
824	0.18742233807277495	99.18742233807228	18.022577661927375
825	0.1873883648476254	99.18738836484714	18.022611635152526
826	0.18735459581447172	99.18735459581399	18.02264540418568
827	0.1873210297459063	99.18732102974542	18.022678970254248
828	0.18728766542190112	99.18728766542141	18.02271233457825
829	0.18725450162976337	99.18725450162927	18.02274549837039
830	0.18722153716409143	99.1872215371636	18.02277846283606
831	0.1871887708267309	99.18718877082624	18.022811229173424
832	0.1871562014267311	99.18715620142623	18.022843798573426
833	0.18712382778030162	99.1871238277798	18.022876172219856
834	0.18709164871076944	99.18709164871026	18.022908351289388
835	0.18705966304853594	99.18705966304803	18.02294033695162
836	0.18702786963103446	99.18702786963053	18.022972130369123
837	0.18699626730268792	99.18699626730218	18.023003732697468
838	0.1869648549148669	99.18696485491435	18.023035145085288
839	0.18693363132584767	99.18693363132533	18.023066368674307
840	0.18690259540077084	99.18690259540026	18.023097404599383
841	0.18687174601159995	99.18687174601108	18.023128253988553
842	0.18684108203708052	99.18684108203657	18.023158917963073
843	0.1868106023626992	99.18681060236219	18.023189397637456
844	0.18678030588064318	99.18678030588013	18.02321969411951
845	0.18675019148976002	99.18675019148925	18.023249808510396
846	0.1867202580955175	99.18672025809501	18.023279741904638
847	0.18669050460996386	99.18669050460946	18.02330949539019
848	0.18666092995168812	99.18666092995119	18.023339070048465
849	0.18663153304578084	99.18663153304529	18.023368466954373
850	0.18660231282379497	99.1866023128233	18.02339768717636
851	0.186573268223707	99.18657326822321	18.023426731776446
852	0.18654439818987836	99.18654439818938	18.023455601810277
853	0.18651570167301695	99.18651570167252	18.023484298327137
854	0.186487177630139	99.18648717762964	18.023512822370016
855	0.18645882502453112	99.18645882502403	18.023541174975623
856	0.18643064282571264	99.18643064282521	18.02356935717444
857	0.18640263000939808	99.1864026300089	18.023597369990757
858	0.18637478555745987	99.18637478555696	18.023625214442696
859	0.18634710845789138	99.1863471084574	18.023652891542266
860	0.18631959770477002	99.18631959770427	18.023680402295387
861	0.18629225229822077	99.18629225229772	18.023707747701938
862	0.1862650712443797	99.18626507124388	18.02373492875578
863	0.1862380535553578	99.18623805355486	18.0237619464448
864	0.18621119824920523	99.18621119824871	18.023788801750953
865	0.1861845043498754	99.18618450434938	18.023815495650283
866	0.18615797088718958	99.1861579708867	18.02384202911297
867	0.18613159689680153	99.1861315968963	18.023868403103357
868	0.1861053814201625	99.18610538141967	18.023894618579995
869	0.18607932350448636	99.18607932350399	18.02392067649567
870	0.1860534222027149	99.18605342220222	18.023946577797442
871	0.1860276765734834	99.18602767657299	18.023972323426673
872	0.18600208568108637	99.1860020856806	18.02399791431907
873	0.18597664859544358	99.18597664859496	18.024023351404715
874	0.1859513643920662	99.18595136439158	18.024048635608093
875	0.1859262321520231	99.18592623215154	18.024073767848137
876	0.1859012509619076	99.18590125096142	18.024098749038252
877	0.18587641991380405	99.18587641991331	18.024123580086357
878	0.18585173810525493	99.18585173810476	18.024148261894908
879	0.185827204639228	99.18582720463873	18.024172795360936
880	0.18580281862408368	99.18580281862359	18.02419718137608
881	0.1857785791735426	99.18577857917305	18.024221420826624
882	0.18575448540665337	99.18575448540615	18.024245514593513
883	0.18573053644776058	99.18573053644725	18.024269463552407
884	0.18570673142647287	99.18570673142597	18.024293268573697
885	0.18568306947763136	99.18568306947712	18.024316930522538
886	0.18565954974127816	99.18565954974076	18.02434045025889
887	0.18563617136262506	99.1856361713621	18.024363828637544
888	0.18561293349202249	99.1856129334915	18.024387066508147
889	0.18558983528492856	99.1855898352844	18.024410164715242
890	0.18556687590187843	99.18556687590136	18.02443312409829
891	0.18554405450845368	99.18554405450793	18.024455945491717
892	0.18552137027525206	99.18552137027473	18.024478629724918
893	0.18549882237785725	99.18549882237733	18.024501177622312
894	0.18547640999680892	99.18547640999628	18.024523590003362
895	0.18545413231757288	99.18545413231705	18.024545867682598
896	0.18543198853051157	99.18543198852998	18.024568011469658
897	0.1854099778308545	99.18540997783033	18.024590022169313
898	0.18538809941866904	99.18538809941815	18.024611900581498
899	0.1853663524988313	99.1853663524983	18.024633647501336
900	0.1853447362809972	99.18534473628047	18.02465526371917
901	0.18532324997957383	99.18532324997905	18.024676750020593
902	0.18530189281369075	99.18530189281317	18.024698107186477
903	0.18528066400717164	99.18528066400665	18.024719335992998
904	0.1852595627885061	99.18525956278799	18.024740437211662
905	0.1852385883908216	99.1852385883903	18.024761411609347
906	0.18521774005185554	99.18521774005134	18.024782259948314
907	0.18519701701392757	99.18519701701341	18.02480298298624
908	0.18517641852391203	99.1851764185234	18.024823581476255
909	0.18515594383321055	99.1851559438327	18.024844056166955
910	0.18513559219772482	99.18513559219721	18.02486440780244
911	0.1851153628778296	99.18511536287731	18.024884637122334
912	0.1850952551383457	99.18509525513782	18.024904744861818
913	0.18507526824851342	99.18507526824799	18.02492473175165
914	0.18505540148196575	99.18505540148143	18.024944598518196
915	0.1850356541167022	99.18503565411618	18.02496434588346
916	0.18501602543506232	99.18501602543454	18.0249839745651
917	0.18499651472369977	99.18499651472317	18.02500348527646
918	0.1849771212735563	99.18497712127302	18.025022878726606
919	0.18495784437983603	99.1849578443793	18.025042155620326
920	0.18493868334197971	99.18493868334144	18.02506131665818
921	0.18491963746363937	99.1849196374631	18.02508036253652
922	0.1849007060526529	99.1849007060521	18.02509929394751
923	0.18488188842101894	99.18488188842048	18.025118111579143
924	0.18486318388487186	99.18486318388433	18.02513681611529
925	0.1848445917644569	99.18484459176392	18.025155408235705
926	0.18482611138410535	99.18482611138357	18.025173888616056
927	0.18480774207221015	99.18480774207168	18.02519225792795
928	0.18478948316120136	99.18478948316067	18.02521051683896
929	0.1847713339875219	99.18477133398699	18.02522866601264
930	0.18475329389160342	99.18475329389106	18.02524670610856
931	0.18473536221784234	99.1847353622173	18.02526463778232
932	0.18471753831457602	99.18471753831403	18.02528246168559
933	0.18469982153405903	99.18469982153351	18.025300178466104
934	0.1846822112324396	99.18468221123189	18.025317788767723
935	0.18466470676973626	99.18466470676918	18.025335293230427
936	0.18464730750981448	99.18464730750927	18.025352692490348
937	0.18463001282036365	99.18463001281981	18.025369987179797
938	0.18461282207287397	99.18461282207232	18.025387177927286
939	0.18459573464261372	99.18459573464206	18.025404265357547
940	0.18457874990860645	99.18457874990806	18.025421250091554
941	0.18456186725360846	99.18456186725305	18.02543813274655
942	0.18454508606408632	99.18454508606354	18.025454913936073
943	0.18452840573019455	99.18452840572965	18.025471594269966
944	0.1845118256457535	99.18451182564522	18.025488174354408
945	0.18449534520822727	99.1844953452077	18.025504654791934
946	0.18447896381870185	99.18447896381817	18.02552103618146
947	0.18446268088186327	99.18446268088132	18.025537319118296
948	0.184446495805976	99.18444649580543	18.025553504194182
949	0.18443040800286145	99.18443040800231	18.025569591997296
950	0.18441441688787652	99.18441441688734	18.02558558311228
951	0.18439852187989245	99.18439852187934	18.025601478120265
952	0.18438272240127357	99.18438272240073	18.025617277598883
953	0.1843670178778564	99.1843670178773	18.0256329821223
954	0.1843514077389287	99.18435140773838	18.025648592261227
955	0.18433589141720877	99.18433589141665	18.025664108582948
956	0.1843204683488248	99.18432046834826	18.02567953165133
957	0.18430513797329437	99.18430513797273	18.02569486202686
958	0.18428989973350413	99.18428989973293	18.02571010026665
959	0.18427475307568944	99.18427475307512	18.025725246924466
960	0.1842596974494143	99.18425969744884	18.02574030255074
961	0.18424473230755137	99.18424473230698	18.025755267692603
962	0.18422985710626194	99.18422985710569	18.025770142893894
963	0.18421507130497636	99.18421507130441	18.02578492869518
964	0.18420037436637424	99.1842003743658	18.025799625633784
965	0.18418576575636494	99.18418576575579	18.025814234243793
966	0.1841712449440682	99.18417124494349	18.02582875505609
967	0.18415681140179477	99.18415681140121	18.025843188598362
968	0.1841424646050273	99.18414246460443	18.02585753539513
969	0.18412820403240124	99.18412820403181	18.025871795967756
970	0.18411402916568584	99.18411402916509	18.025885970834473
971	0.18409993948976539	99.18409993948917	18.025900060510395
972	0.18408593449262042	99.18408593449203	18.02591406550754
973	0.18407201366530915	99.18407201366472	18.02592798633485
974	0.18405817650194892	99.18405817650135	18.02594182349821
975	0.18404442249969785	99.1840444224991	18.02595557750046
976	0.18403075115873657	99.18403075115813	18.025969248841424
977	0.18401716198225	99.18401716198164	18.02598283801791
978	0.18400365447640926	99.1840036544758	18.02599634552375
979	0.18399022815035385	99.18399022814975	18.026009771849807
980	0.1839768825161737	99.18397688251557	18.026023117483987
981	0.18396361708889142	99.18396361708828	18.02603638291127
982	0.18395043138644473	99.18395043138584	18.026049568613715
983	0.1839373249296689	99.18393732492906	18.02606267507049
984	0.18392429724227938	99.18392429724167	18.026075702757883
985	0.1839113478508544	99.18391134785026	18.02608865214931
986	0.18389847628481779	99.18389847628421	18.026101523715344
987	0.18388568207642192	99.18388568207581	18.02611431792374
988	0.18387296476073067	99.18387296476011	18.02612703523943
989	0.1838603238756025	99.18386032387498	18.026139676124558
990	0.18384775896167369	99.18384775896105	18.02615224103849
991	0.18383526956234159	99.18383526956171	18.02616473043782
992	0.18382285522374808	99.18382285522311	18.026177144776415
993	0.18381051549476304	99.18381051549413	18.0261894845054
994	0.18379824992696794	99.18379824992634	18.026201750073195
995	0.18378605807463957	99.183786058074	18.026213941925523
996	0.18377393949473378	99.1837739394941	18.02622606050543
997	0.18376189374686944	99.18376189374624	18.026238106253295
998	0.18374992039331245	99.18374992039269	18.026250079606854
999	0.18373801899895967	99.18373801899833	18.026261981001205
